#timest        bulkEdge        monoEdge    contactAngle   dropletHeight       avgRadius       avgDipole    monoExchange            MSDx            MSDy            MSDz          MSDavg
00008000       11.933961       15.175270        0.270162      129.954822       28.999658       -0.398688        4.000000        7.502314        7.245303        8.304633        7.684083
00018000       22.874274       21.751938        0.494949      129.984041       28.623293       -0.396003        3.000000       16.359917       15.954225       24.846726       19.053623
00028000       30.201880       29.137314        0.581295      126.886890       28.747686       -0.391041        2.000000       25.039728       25.050728       54.573704       34.888053
00038000       33.587411       34.963635        0.674520      124.070945       29.186746       -0.384181        4.000000       34.273738       34.094182      104.769640       57.712520
00048000       38.261989       39.552150        0.761187      120.130951       29.756730       -0.376364        1.000000       44.051828       42.448367      179.375216       88.625137
00058000       42.087929       45.133712        0.841280      117.421638       30.517771       -0.370748        2.000000       56.675337       52.016660      270.692439      126.461478
00068000       44.394203       48.479586        0.880591      113.783952       31.253761       -0.363600        2.000000       70.423218       63.287967      369.682724      167.797970
00078000       47.878608       52.173740        0.945417      113.365094       32.027233       -0.358195        2.000000       85.645824       75.219936      470.344849      210.403536
00088000       50.626691       54.938276        0.968220      109.318855       32.845649       -0.353034        0.000000      102.836126       85.621299      561.360226      249.939217
00098000       52.870600       59.225283        0.979381      105.493445       33.704120       -0.348968        1.000000      116.032560      100.734422      632.158519      282.975167
00108000       53.938526       62.415182        0.974773       99.025372       34.592823       -0.344060        2.000000      127.014340      117.014872      722.269246      322.099486
00118000       57.408566       64.912139        0.997431       99.105443       35.342771       -0.340175        3.000000      139.227628      131.408683      812.225446      360.953919
00128000       59.633736       66.769282        0.999709       97.416093       36.148008       -0.335624        0.000000      153.800713      148.669997      902.000888      401.490533
00138000       61.764272       69.276193        0.995450       95.633590       36.936826       -0.333670        0.000000      167.567043      169.508809      954.622382      430.566078
00148000       63.054131       71.159308        0.991823       93.254134       37.407100       -0.332036        2.000000      179.488483      184.365915     1000.322431      454.725610
00158000       64.852108       72.989314        0.977114       93.674610       38.060566       -0.328764        0.000000      192.610777      198.437320     1063.270195      484.772764
00168000       66.108168       74.763746        0.966281       91.545343       38.589452       -0.325756        1.000000      205.182746      210.269283     1123.975331      513.142453
00178000       66.971532       76.398237        0.961610       89.692405       39.153966       -0.324536       -2.000000      218.945818      223.959199     1166.304139      536.403052
00188000       68.444654       78.232511        0.945476       89.178796       39.691419       -0.322402       -1.000000      232.372066      235.412725     1208.624913      558.803235
00198000       69.312678       79.426647        0.938480       87.556163       40.210223       -0.320501        0.000000      246.888221      249.122748     1253.431318      583.147429
00208000       70.494117       80.696321        0.918910       87.521991       40.507341       -0.319134        5.000000      254.902065      260.705333     1291.423412      602.343604
00218000       71.536732       81.901179        0.895195       87.713291       41.098833       -0.315753        1.000000      265.330502      276.579182     1347.315480      629.741721
00228000       71.901157       83.384730        0.909077       83.614158       41.705146       -0.313325        0.000000      279.032278      290.133036     1373.891799      647.685704
00238000       72.568516       84.462101        0.897043       83.542648       41.966265       -0.311542        2.000000      289.916539      298.603862     1400.430290      662.983564
00248000       73.628262       85.662690        0.879203       82.779532       42.473843       -0.309706       -1.000000      300.755244      318.175538     1449.766965      689.565916
00258000       74.614403       86.612555        0.848960       83.631530       42.676571       -0.308628        0.000000      312.776894      328.343770     1477.398479      706.173048
00268000       76.032946       87.370304        0.813333       84.400769       43.024653       -0.307474        2.000000      323.397954      341.847183     1504.942588      723.395908
00278000       76.953601       88.133455        0.801391       83.521910       43.499499       -0.306231        0.000000      335.286597      358.091787     1524.552358      739.310247
00288000       77.376210       89.695747        0.803929       81.349769       44.121975       -0.303751        2.000000      349.031681      374.946961     1564.189370      762.722671
00298000       77.529519       90.498379        0.819113       77.777154       44.732210       -0.301701        1.000000      366.622984      388.708468     1612.695795      789.342416
00308000       77.663848       91.335896        0.832501       74.736902       45.204524       -0.299848       -1.000000      377.320190      400.438377     1640.536358      806.098308
00318000       78.123670       91.910263        0.834783       73.201278       45.610781       -0.299825       -4.000000      391.713439      413.729440     1653.937176      819.793352
00328000       78.901984       92.714539        0.822082       73.006443       45.686654       -0.298911        0.000000      399.711001      419.585067     1674.165612      831.153894
00338000       79.281449       93.687836        0.811508       72.961501       46.086761       -0.296955        1.000000      414.902361      428.230906     1701.813119      848.315462
00348000       79.632390       94.315317        0.806778       71.524057       46.624640       -0.295976        3.000000      428.068078      448.336113     1732.794879      869.733023
00358000       80.333447       94.853215        0.797435       70.683262       46.807573       -0.295608        0.000000      436.907445      456.711439     1748.338728      880.652537
00368000       80.229499       95.635327        0.799372       70.819413       47.079720       -0.295831        1.000000      446.605806      467.525596     1749.651064      887.927489
00378000       80.662814       96.239011        0.788049       71.059747       47.103281       -0.295674        5.000000      454.099082      470.063626     1769.266578      897.809762
00388000       81.037592       96.861509        0.779597       69.988745       47.706005       -0.292441        2.000000      477.469184      480.904729     1811.886885      923.420266
00398000       81.676288       97.367134        0.768865       69.369082       47.798204       -0.291630        0.000000      479.435566      493.286844     1832.139623      934.954011
00408000       81.895159       98.088424        0.776133       68.079104       48.373811       -0.290447       -1.000000      488.320841      517.946345     1844.142615      950.136600
00418000       82.378199       99.072849        0.771453       67.769375       48.538590       -0.289654        0.000000      496.677418      527.177031     1850.905928      958.253459
00428000       83.061911       99.657053        0.743616       68.523600       48.822580       -0.287788       -3.000000      511.118588      540.147384     1887.108378      979.458117
00438000       82.552191      100.032628        0.769868       65.073300       49.025998       -0.287938        0.000000      522.990358      544.918494     1901.101283      989.670045
00448000       83.295032      100.710548        0.741118       67.511309       49.137403       -0.287022       -1.000000      529.433425      552.545485     1902.872497      994.950469
00458000       84.317636      101.393996        0.715379       68.709432       49.359625       -0.287519        0.000000      541.804483      559.195771     1901.292149     1000.764134
00468000       84.690670      101.974633        0.704926       68.698964       49.468499       -0.285679        2.000000      544.563741      567.278682     1925.286834     1012.376419
00478000       83.335136      102.536268        0.756111       64.833179       49.582420       -0.284750       -1.000000      551.085671      576.089561     1944.802724     1023.992652
00488000       84.757596      102.847528        0.701673       68.030585       49.720928       -0.284519        0.000000      557.992019      586.644753     1953.476745     1032.704506
00498000       85.445717      103.607357        0.684055       68.885999       49.961182       -0.285076        0.000000      565.473793      604.113656     1955.255092     1041.614180
00508000       85.889732      103.919099        0.658250       70.734702       49.846038       -0.286394       -1.000000      565.204448      612.039720     1955.946982     1044.397050
00518000       86.044869      104.313743        0.645568       70.867516       49.929249       -0.285730        0.000000      570.743355      618.285060     1976.051798     1055.026738
00528000       85.762300      104.621995        0.661419       69.053763       50.233544       -0.284327        0.000000      582.916120      627.922180     1992.759261     1067.865854
00538000       86.335434      104.958060        0.655232       68.871667       50.467308       -0.283953        0.000000      594.546990      633.857916     1994.329116     1074.244674
00548000       86.221030      105.344507        0.657179       68.613418       50.668015       -0.283285        0.000000      607.113420      642.751244     1997.291012     1082.385225
00558000       85.901136      106.115562        0.680128       66.526127       50.861861       -0.281780       -6.000000      616.818240      650.572815     2018.398264     1095.263107
00568000       86.630511      106.514614        0.656624       67.013566       51.217951       -0.280169       -1.000000      633.525277      657.349585     2034.060581     1108.311814
00578000       86.489917      106.828773        0.665018       66.309058       51.297762       -0.280884       -3.000000      638.027803      666.333420     2035.791643     1113.384289
00588000       86.505252      106.931415        0.659592       66.865110       51.306922       -0.282471        3.000000      642.958714      675.838249     2034.609984     1117.802316
00598000       86.782515      107.479764        0.659974       66.250059       51.601859       -0.281593        0.000000      657.003610      683.527000     2047.726004     1129.418871
00608000       86.743503      108.099352        0.653727       66.479018       51.553127       -0.280825        0.000000      664.547874      685.120958     2061.073506     1136.914113
00618000       86.824767      108.203605        0.643610       66.869372       51.710155       -0.280591        0.000000      670.841365      693.677000     2067.221338     1143.913234
00628000       87.369207      108.684767        0.637955       66.634725       51.966282       -0.279953        0.000000      680.750800      709.691028     2072.096109     1154.179312
00638000       87.745704      108.866817        0.633106       66.358207       52.314819       -0.278887        0.000000      695.172635      724.190827     2085.838314     1168.400592
00648000       88.468996      109.360773        0.624654       65.301529       52.669309       -0.277300        2.000000      711.178170      737.891088     2107.485337     1185.518198
00658000       87.455052      109.728176        0.675893       60.952262       52.875583       -0.275953       -5.000000      713.325044      754.380089     2122.599414     1196.768182
00668000       88.378998      109.865008        0.632794       63.716979       53.099684       -0.276090        0.000000      729.065926      761.130067     2124.276688     1204.824227
00678000       88.743820      110.515533        0.628279       63.935499       53.137508       -0.275857       -6.000000      737.524113      764.504598     2119.631584     1207.220098
00688000       88.804499      110.890739        0.629254       63.428500       53.331189       -0.274740        0.000000      749.606842      772.971568     2134.650864     1219.076425
00698000       87.998897      111.061595        0.668441       59.819831       53.630318       -0.273340        0.000000      768.101913      777.874638     2154.251670     1233.409407
00708000       87.918950      111.337128        0.688207       57.186393       53.915600       -0.271764        0.000000      776.533048      794.506146     2166.475957     1245.838384
00718000       89.188600      111.858566        0.642656       60.964705       54.244949       -0.271360       -2.000000      784.210645      811.102609     2161.656798     1252.323351
00728000       89.549655      112.263160        0.642323       59.950170       54.346509       -0.270584        0.000000      794.881911      818.235791     2172.639571     1261.919091
00738000       89.218278      112.449658        0.642840       59.628377       54.555393       -0.269626       -4.000000      803.628337      834.468660     2187.858579     1275.318525
00748000       89.477303      112.679892        0.643975       59.022159       54.759078       -0.268356        4.000000      817.934007      840.941233     2196.153328     1285.009523
00758000       89.658667      112.902120        0.640074       58.799621       54.937008       -0.268167       -3.000000      825.350895      854.761230     2196.811973     1292.308033
00768000       90.104347      113.176195        0.638782       58.911531       55.089471       -0.268870       -1.000000      835.589330      868.227027     2197.154500     1300.323619
00778000       90.612295      113.336408        0.621709       59.129212       55.216457       -0.267961        1.000000      840.551632      889.665107     2212.593561     1314.270100
00788000       90.591816      113.952791        0.627590       57.710348       55.506947       -0.266762        1.000000      850.236236      910.423315     2227.635315     1329.431622
00798000       91.212241      114.297985        0.605256       58.937441       55.603765       -0.266590        2.000000      860.963719      919.214233     2229.365965     1336.514639
00808000       91.235875      114.553223        0.612252       58.364109       55.851311       -0.266610       -5.000000      873.132506      936.874371     2228.360271     1346.122383
00818000       91.633747      115.005723        0.606602       58.443771       56.075581       -0.265630        4.000000      887.509071      956.473665     2243.223946     1362.402227
00828000       91.764448      115.178878        0.599676       58.226483       56.018438       -0.266345        3.000000      887.837673      967.803301     2242.419978     1366.020317
00838000       90.959966      115.492787        0.618485       57.296487       56.252174       -0.266176       -3.000000      904.907429      982.548860     2254.758039     1380.738109
00848000       91.505771      115.744495        0.615061       56.705170       56.555797       -0.264810        0.000000      919.285813     1007.198856     2257.162317     1394.548995
00858000       91.916968      115.971760        0.607457       56.972952       56.842222       -0.263580       -1.000000      931.479243     1034.672640     2264.341824     1410.164569
00868000       92.422058      115.999048        0.598567       56.475031       56.989309       -0.262459       -1.000000      945.063542     1049.065091     2276.798008     1423.642214
00878000       92.537476      116.203546        0.589729       56.808539       57.028312       -0.262098        0.000000      951.954521     1063.109882     2282.625228     1432.563210
00888000       92.833039      116.619443        0.571947       57.895351       57.100801       -0.262604        1.000000      955.737051     1089.980096     2285.192248     1443.636465
00898000       93.564251      117.049980        0.561002       58.269303       57.182098       -0.263646       -5.000000      967.790661     1106.120395     2281.411932     1451.774329
00908000       93.669740      117.282820        0.554647       58.432341       57.210722       -0.263389        2.000000      968.097245     1129.628589     2289.195682     1462.307172
00918000       93.184227      117.513144        0.560626       58.120534       57.395596       -0.262681        0.000000      982.682405     1146.491708     2292.069074     1473.747729
00928000       93.173189      117.711458        0.562272       57.591001       57.501616       -0.262145        1.000000      999.998038     1158.275942     2300.850184     1486.374721
00938000       93.246385      118.248231        0.566331       57.299509       57.685885       -0.262264        0.000000     1007.474343     1184.372113     2293.167049     1495.004502
00948000       92.729755      118.650863        0.582768       56.287771       57.857959       -0.261343        3.000000     1009.957178     1216.932701     2302.668362     1509.852747
00958000       93.001287      118.796717        0.578670       56.181086       57.819137       -0.262022        0.000000     1006.949783     1243.029855     2304.560795     1518.180144
00968000       92.728211      119.060366        0.570576       57.265613       57.783684       -0.261782        0.000000     1013.153787     1252.968551     2310.304525     1525.475621
00978000       93.112378      119.270636        0.558748       57.849817       58.000004       -0.260939        0.000000     1024.288893     1260.477655     2311.149025     1531.971858
00988000       94.028827      119.711006        0.546746       57.619120       58.154712       -0.260818        2.000000     1031.548107     1271.328621     2313.792076     1538.889601
00998000       93.457577      119.716744        0.557504       57.119074       58.205672       -0.260203        2.000000     1039.243353     1270.849535     2322.244031     1544.112306
