0 0.00162775 24.247 12.6354 
2000 0.00553256 24.212 12.7121 
4000 0.00314121 24.1898 12.7531 
6000 0.000671416 24.226 12.7381 
8000 -0.0174492 24.2625 12.7351 
10000 -0.0169055 24.2526 12.7269 
12000 0.0053879 24.2253 12.7551 
14000 0.0229538 24.2367 12.8703 
16000 -0.00485826 24.3092 12.9579 
18000 -0.0165453 24.2953 12.9739 
20000 -0.00331095 24.2825 13.011 
22000 0.0151269 24.2526 13.0593 
24000 0.017087 24.2294 13.1072 
26000 -0.00799529 24.2434 13.1532 
28000 0.0244318 24.2805 13.1368 
30000 -0.00269606 24.2665 13.1338 
32000 -0.0133282 24.2516 13.1808 
34000 0.00137979 24.2436 13.213 
36000 0.015718 24.3044 13.2167 
38000 -0.0138586 24.3132 13.2013 
40000 -0.016052 24.2851 13.1421 
42000 -0.00787076 24.2603 13.0721 
44000 -0.0192164 24.2501 13.1207 
46000 -0.00664283 24.2499 13.1796 
48000 -0.0217679 24.2572 13.1892 
50000 0.00596346 24.2852 13.1769 
52000 -0.00332102 24.2436 13.1505 
54000 0.00914148 24.2348 13.1326 
56000 0.0149903 24.3029 13.1568 
58000 -0.00506566 24.2905 13.1732 
60000 0.0125989 24.2681 13.1662 
62000 -0.0047818 24.2325 13.2157 
64000 0.00175258 24.2306 13.2558 
66000 -0.0114661 24.2322 13.3087 
68000 0.0183257 24.2383 13.3762 
70000 -0.00238269 24.2733 13.3639 
72000 0.00933713 24.2143 13.3387 
74000 0.0233498 24.2307 13.3411 
76000 0.0129683 24.2805 13.3905 
78000 0.00368558 24.2721 13.4407 
80000 -0.0253568 24.2441 13.466 
82000 0.000754529 24.2247 13.3913 
84000 -0.012988 24.223 13.3051 
86000 0.0143166 24.2378 13.237 
88000 0.00890778 24.2331 13.1876 
90000 -0.00964783 24.2695 13.1332 
92000 0.0239654 24.2026 13.0775 
94000 -0.00138002 24.2468 13.0277 
96000 0.000823066 24.3022 13.0067 
98000 0.0140468 24.2903 12.9776 
100000 0.01146 24.2572 12.9657 
102000 0.0240682 24.2311 12.8793 
104000 0.00819604 24.2124 12.7945 
106000 0.00759654 24.2437 12.7466 
108000 0.0420384 24.2373 12.7478 
110000 0.00201686 24.2582 12.7805 
112000 0.0193224 24.2123 12.7618 
114000 0.01471 24.2433 12.7191 
116000 -0.0223354 24.3125 12.687 
118000 -0.0396463 24.3042 12.661 
120000 -0.00969438 24.269 12.692 
122000 0.0140783 24.2439 12.7038 
124000 0.0167443 24.1759 12.7361 
126000 0.0491105 24.2098 12.7848 
128000 0.0159797 24.2348 12.8207 
130000 0.0264731 24.2685 12.8807 
132000 0.00997799 24.2302 12.9102 
134000 -0.00333664 24.2306 12.8911 
136000 -0.00691049 24.2803 12.819 
138000 -0.00595632 24.3067 12.7784 
140000 0.0143435 24.2553 12.786 
142000 0.0183322 24.258 12.8354 
144000 0.0170095 24.1874 12.8325 
146000 -0.0138796 24.2327 12.7662 
148000 0.014678 24.2443 12.7287 
150000 0.0178022 24.2801 12.6925 
152000 0.00961216 24.256 12.6664 
154000 0.0192656 24.2369 12.6318 
156000 -0.00507851 24.2831 12.6313 
158000 0.0288314 24.3159 12.6139 
160000 -0.00651369 24.2835 12.6051 
162000 -0.00592185 24.2856 12.6136 
164000 0.02471 24.2152 12.627 
166000 0.0301985 24.2541 12.5745 
168000 0.0179578 24.2596 12.519 
170000 -0.000535407 24.2892 12.4817 
172000 -0.0111486 24.2681 12.531 
174000 0.0190538 24.243 12.6264 
176000 -0.00816511 24.2709 12.6816 
178000 -0.0246867 24.3054 12.7164 
180000 -0.0109616 24.2978 12.7815 
182000 0.0263472 24.2976 12.8028 
184000 0.000786944 24.2336 12.8314 
186000 0.0285397 24.2628 12.9044 
188000 0.0113908 24.2591 12.99 
190000 0.00819837 24.2605 13.0482 
192000 0.0285769 24.2628 13.1326 
194000 0.0239289 24.2639 13.155 
196000 0.00721339 24.255 13.1903 
198000 0.0150508 24.2861 13.1729 
200000 0.0049199 24.299 13.0984 
202000 0.00307445 24.2978 13.0685 
204000 0.019106 24.2501 13.1109 
206000 0.0139696 24.221 13.1533 
208000 0.0289577 24.2399 13.1879 
210000 0.0263867 24.2354 13.2002 
212000 -0.0157068 24.2518 13.1297 
214000 0.0117572 24.2643 13.0937 
216000 0.0175719 24.2811 13.0767 
218000 0.001469 24.2822 13.0586 
220000 -0.00724562 24.2865 13.0901 
222000 -0.00991634 24.2929 13.0912 
224000 0.0148452 24.2672 13.0827 
226000 0.0245125 24.1885 13.097 
228000 -0.00624268 24.2058 13.1397 
230000 0.00831149 24.2442 13.128 
232000 -0.0028048 24.2453 13.1106 
234000 -0.01579 24.2611 13.135 
236000 -0.00208048 24.2819 13.1965 
238000 0.0157728 24.2681 13.3123 
240000 -0.0158532 24.2885 13.4086 
242000 0.0172565 24.2922 13.4723 
244000 0.0199891 24.2574 13.4986 
246000 0.00238543 24.1719 13.4867 
248000 0.018443 24.1986 13.4843 
250000 -0.0173951 24.2372 13.4944 
252000 0.000690917 24.2079 13.5524 
254000 0.0253099 24.238 13.5687 
256000 -0.0157414 24.2799 13.5502 
258000 0.00990929 24.2589 13.5772 
260000 0.0252871 24.3027 13.5661 
262000 0.0222489 24.2889 13.5195 
264000 0.0167947 24.2702 13.4535 
266000 -5.66491e-05 24.1966 13.3961 
268000 0.00518698 24.1954 13.3795 
270000 0.0457602 24.2118 13.3977 
272000 -0.000375688 24.2105 13.4155 
274000 -0.00636307 24.2315 13.3746 
276000 0.0162325 24.2862 13.3008 
278000 -0.00274664 24.2715 13.2099 
280000 -0.0118967 24.3166 13.134 
282000 0.0184854 24.2822 13.1317 
284000 -0.00784519 24.2877 13.1273 
286000 0.0222118 24.216 13.1233 
288000 0.0100906 24.1875 13.1427 
290000 -0.012564 24.1807 13.1978 
292000 0.0107468 24.2049 13.2204 
294000 -0.00327769 24.225 13.2077 
296000 0.0114536 24.2874 13.1791 
298000 0.0151729 24.2682 13.1418 
300000 -0.0125727 24.279 13.1851 
302000 0.0150495 24.266 13.2415 
304000 0.0264275 24.3098 13.2775 
306000 0.0272469 24.2108 13.3078 
308000 0.0133896 24.1873 13.2773 
310000 0.0157741 24.1893 13.1959 
312000 -0.0319057 24.2048 13.1642 
314000 -0.0073042 24.2354 13.1683 
316000 0.0207045 24.236 13.1516 
318000 0.0352927 24.2553 13.141 
320000 0.0316762 24.2628 13.1331 
322000 0.0121886 24.2667 13.108 
324000 0.0284453 24.3049 13.0876 
326000 0.0306536 24.2173 13.0158 
328000 0.0111995 24.1967 12.8975 
330000 0.0184078 24.173 12.8007 
332000 -0.00446335 24.2072 12.7362 
334000 -0.0211245 24.2114 12.7074 
336000 -0.00134317 24.2271 12.7047 
338000 0.0211416 24.2365 12.6946 
340000 0.0159208 24.2416 12.6583 
342000 0.0191747 24.2552 12.5894 
344000 -0.00871148 24.2799 12.5713 
346000 0.019385 24.2195 12.5823 
348000 0.0129622 24.1729 12.6228 
350000 -0.00812496 24.1838 12.6622 
352000 0.00791083 24.198 12.6909 
354000 -0.00562989 24.1957 12.7282 
356000 0.00877834 24.1837 12.7439 
358000 0.00719448 24.2118 12.7311 
360000 0.011525 24.2111 12.682 
362000 0.0238265 24.234 12.6857 
364000 0.0201855 24.2443 12.7163 
366000 -0.0108339 24.2072 12.7245 
368000 -0.00665187 24.2012 12.8015 
370000 0.0495548 24.1868 12.8518 
372000 0.0256358 24.1881 12.8679 
374000 0.0442746 24.177 12.8458 
376000 -0.00709149 24.1686 12.8233 
378000 -0.00956554 24.2064 12.8157 
380000 0.0454724 24.2103 12.8307 
382000 0.0138754 24.2124 12.8149 
384000 0.00809244 24.2642 12.7726 
386000 0.015728 24.2048 12.7729 
388000 -0.00159482 24.2313 12.7494 
390000 -0.000407901 24.1896 12.6576 
392000 0.0181124 24.1832 12.6194 
394000 0.0244566 24.1952 12.6049 
396000 0.0135822 24.1651 12.5987 
398000 -0.0154014 24.2043 12.6394 
400000 -0.00657253 24.204 12.7112 
402000 0.000529017 24.1923 12.7667 
404000 0.00736424 24.2398 12.8176 
406000 0.0071963 24.2136 12.8109 
408000 0.017237 24.2059 12.8088 
410000 0.0110986 24.196 12.8242 
412000 -0.00624913 24.1699 12.8701 
414000 0.0107817 24.194 12.9106 
416000 0.00291138 24.1761 12.9715 
418000 0.01601 24.1864 13.0623 
420000 0.00411321 24.2085 13.0979 
422000 0.0131081 24.1797 13.1268 
424000 0.0178905 24.2386 13.166 
426000 0.0128527 24.2475 13.2042 
428000 0.0485208 24.2017 13.2476 
430000 0.00824871 24.1907 13.3176 
432000 0.0289345 24.1744 13.3693 
434000 0.0164519 24.1749 13.4076 
436000 -0.00915487 24.1875 13.4152 
438000 0.0237576 24.181 13.3428 
440000 0.00492311 24.2119 13.2912 
442000 0.0165156 24.1818 13.2841 
444000 -0.00252781 24.246 13.2483 
446000 0.0105123 24.261 13.231 
448000 0.015543 24.202 13.2228 
450000 0.00312463 24.1894 13.2556 
452000 0.0291454 24.1765 13.2724 
454000 0.00812981 24.1857 13.2462 
456000 0.00439171 24.1878 13.2535 
458000 0.0351699 24.1844 13.2507 
460000 0.0272049 24.2279 13.2568 
462000 0.0242358 24.1881 13.254 
464000 0.00897752 24.2266 13.2991 
466000 -0.0042583 24.2555 13.3353 
468000 -0.0156643 24.2031 13.3273 
470000 0.0183056 24.1813 13.3172 
472000 0.0277805 24.1772 13.3197 
474000 0.00392005 24.1803 13.3635 
476000 -0.00484112 24.2111 13.4073 
478000 -0.0117789 24.1788 13.4622 
480000 0.0269108 24.2124 13.5304 
482000 0.0322855 24.1878 13.598 
484000 -0.000802517 24.2224 13.6239 
486000 0.0067854 24.2447 13.617 
488000 -0.0139479 24.2056 13.6057 
490000 -0.00198565 24.176 13.5976 
492000 0.0212566 24.1673 13.5593 
494000 0.0133122 24.178 13.5463 
496000 0.0253046 24.1805 13.4964 
498000 0.00311707 24.1567 13.4521 
500000 0.00708012 24.1981 13.3816 
502000 -0.000318841 24.2057 13.3018 
504000 0.0215154 24.2401 13.2483 
506000 0.023131 24.2285 13.2195 
508000 0.0312366 24.2102 13.184 
510000 0.00494551 24.1788 13.1537 
512000 -0.0105657 24.1588 13.1701 
514000 0.0085289 24.1735 13.1735 
516000 0.0277185 24.1611 13.1245 
518000 0.0129759 24.1516 13.0611 
520000 0.0219845 24.2281 13.0011 
522000 -0.0317458 24.2238 12.9756 
524000 0.000165089 24.2476 12.9818 
526000 -0.00695266 24.2361 12.9652 
528000 0.00511167 24.2 13.0005 
530000 0.00472002 24.1751 13.0088 
532000 0.00377949 24.1474 13.0156 
534000 -0.0102414 24.1619 13.0147 
536000 0.00445129 24.1466 13.0212 
538000 0.0183293 24.1602 13.0603 
540000 0.0203697 24.1827 13.0644 
542000 0.0242836 24.2335 13.0905 
544000 -0.00712372 24.2331 13.1195 
546000 -0.000597892 24.2334 13.1163 
548000 0.0267169 24.1851 13.0671 
550000 0.021501 24.1609 12.9909 
552000 0.0243549 24.125 12.9112 
554000 -0.00352339 24.1742 12.8752 
556000 0.0092362 24.1217 12.8194 
558000 0.00892435 24.1449 12.7961 
560000 0.0301177 24.1609 12.7973 
562000 0.0159765 24.2226 12.7552 
564000 0.0161058 24.2255 12.7243 
566000 0.00172758 24.225 12.686 
568000 0.0253141 24.1632 12.6639 
570000 0.0166331 24.1453 12.6198 
572000 0.0105086 24.1308 12.5519 
574000 0.01857 24.1706 12.5377 
576000 0.0127761 24.1329 12.5731 
578000 0.00726172 24.1425 12.5819 
580000 -0.0125794 24.1151 12.5478 
582000 0.0171087 24.1975 12.5298 
584000 0.0385515 24.2301 12.5239 
586000 0.0115328 24.2207 12.5489 
588000 -0.0101728 24.1739 12.6009 
590000 -0.00284452 24.1422 12.6767 
592000 0.0329388 24.1336 12.7634 
594000 0.0358303 24.1661 12.8024 
596000 0.0248393 24.1644 12.8264 
598000 0.0222253 24.1337 12.8738 
600000 0.0184586 24.0953 12.9049 
602000 0.010139 24.163 12.8592 
604000 -0.0215368 24.1998 12.8414 
606000 0.0195753 24.243 12.8638 
608000 0.00694882 24.1895 12.8888 
610000 -0.000810809 24.1292 12.8952 
612000 0.0104806 24.1341 12.8628 
614000 0.00347909 24.1638 12.8367 
616000 0.054796 24.1833 12.8271 
618000 0.00774741 24.1518 12.8031 
620000 0.0162754 24.1157 12.8147 
622000 0.00611587 24.1568 12.8612 
624000 0.00290719 24.1777 12.8884 
626000 0.00632452 24.2352 12.8631 
628000 0.00539034 24.212 12.8346 
630000 0.0140057 24.1309 12.8457 
632000 0.00257086 24.1319 12.8389 
634000 -0.0109094 24.173 12.7917 
636000 0.0177342 24.194 12.8006 
638000 0.0179226 24.1773 12.8711 
640000 0.0425037 24.1385 12.9583 
642000 0.0115841 24.1387 13.0087 
644000 0.0085564 24.1702 13.0555 
646000 -0.000519643 24.2182 13.096 
648000 0.0102728 24.2335 13.1377 
650000 0.0176247 24.1347 13.1678 
652000 0.00853652 24.144 13.2356 
654000 0.028049 24.1533 13.3421 
656000 0.0242949 24.1804 13.3947 
658000 -0.0250375 24.1901 13.3815 
660000 0.0104534 24.1474 13.391 
662000 0.0416417 24.1367 13.4055 
664000 0.00577574 24.1716 13.3904 
666000 -0.0136 24.2017 13.3542 
668000 0.00535067 24.2278 13.3488 
670000 0.0193192 24.1456 13.4199 
672000 0.0327511 24.1283 13.4861 
674000 0.00708531 24.1324 13.4537 
676000 -0.00796378 24.1936 13.4323 
678000 0.00963043 24.2165 13.4282 
680000 -0.00864956 24.153 13.3825 
682000 0.00649568 24.1273 13.3453 
684000 0.0272061 24.1535 13.3583 
686000 0.0139077 24.2081 13.383 
688000 -8.40411e-05 24.2475 13.357 
690000 0.00798266 24.1813 13.315 
692000 0.0085737 24.1421 13.3028 
694000 0.00459659 24.1151 13.3111 
696000 0.0301492 24.2026 13.2811 
698000 0.019323 24.2211 13.264 
700000 -0.0305122 24.1896 13.3069 
702000 -0.0123319 24.1394 13.4078 
704000 0.00739049 24.1334 13.4699 
706000 0.0327088 24.2008 13.4863 
708000 0.00510309 24.2314 13.4994 
710000 -0.00380658 24.1844 13.4843 
712000 0.0296421 24.1396 13.4621 
714000 -0.0269253 24.0911 13.4516 
716000 0.00425808 24.1766 13.4682 
718000 0.0502378 24.2218 13.4798 
720000 0.0115401 24.1945 13.4475 
722000 -0.0062154 24.1629 13.4207 
724000 0.00400478 24.1457 13.409 
726000 0.00781312 24.1623 13.4167 
728000 0.0265636 24.2063 13.3557 
730000 0.00862462 24.2091 13.2713 
732000 -0.00500944 24.1522 13.2715 
734000 0.0192801 24.1046 13.2814 
736000 -0.0143501 24.1454 13.2548 
738000 0.00366385 24.1968 13.1933 
740000 0.0418933 24.2024 13.1363 
742000 0.00773088 24.1769 13.0618 
744000 -0.0113899 24.1903 12.9765 
746000 0.00631772 24.1447 12.9355 
748000 -0.00323516 24.1829 12.9286 
750000 0.0167483 24.1857 12.9218 
752000 0.00296486 24.1751 12.8857 
754000 0.000821631 24.1166 12.8709 
756000 0.0201895 24.1249 12.8974 
758000 0.00499184 24.1706 12.9344 
760000 0.0374394 24.1976 12.8949 
762000 0.0351091 24.1595 12.8545 
764000 0.013671 24.2097 12.8944 
766000 -0.00686448 24.117 12.9199 
768000 0.00342704 24.1689 12.9296 
770000 0.0265364 24.1818 12.9428 
772000 0.0225516 24.1559 12.9353 
774000 0.00936106 24.1353 12.8956 
776000 0.014792 24.1427 12.8372 
778000 -0.0108788 24.1657 12.8341 
780000 0.00353746 24.1835 12.8625 
782000 0.0210362 24.1533 12.8809 
784000 0.0293437 24.2006 12.8561 
786000 0.0163783 24.1275 12.8329 
788000 0.00765957 24.1497 12.8411 
790000 -0.00460644 24.1866 12.8177 
792000 0.000692681 24.1945 12.7383 
794000 0.0126437 24.1923 12.7029 
796000 0.0144066 24.1505 12.6754 
798000 0.0397015 24.1411 12.6516 
800000 0.00621256 24.1693 12.6311 
802000 0.00551083 24.1469 12.6284 
804000 0.0158236 24.1915 12.5893 
806000 0.00882398 24.1551 12.5738 
808000 -0.00521124 24.1504 12.5345 
810000 -0.0203813 24.2004 12.5241 
812000 -8.99059e-06 24.194 12.5778 
814000 -0.00313234 24.2108 12.612 
816000 0.0132654 24.1684 12.6273 
818000 0.0282756 24.1558 12.6754 
820000 0.0381488 24.169 12.7281 
822000 0.00199338 24.1542 12.7573 
824000 0.0114817 24.1977 12.761 
826000 -0.00317168 24.2001 12.7667 
828000 0.00400079 24.1575 12.8117 
830000 0.0180351 24.2041 12.8623 
832000 -0.0199632 24.2089 12.9023 
834000 0.00745632 24.2182 12.9368 
836000 0.0137134 24.1709 13.0033 
838000 -0.00282127 24.1462 13.0118 
840000 0.00188207 24.1852 12.9972 
842000 -0.00365009 24.1657 13.0485 
844000 0.00171433 24.1754 13.0784 
846000 -0.00639157 24.2059 13.0582 
848000 0.00227375 24.1587 13.0256 
850000 0.0176828 24.1806 13.0408 
852000 0.0238822 24.2009 13.0524 
854000 0.0301358 24.2115 13.053 
856000 0.0262661 24.192 13.0206 
858000 0.00370182 24.1232 12.9881 
860000 -0.0012629 24.2074 13.0014 
862000 0.0235871 24.1838 12.9901 
864000 0.0038376 24.1746 13.0229 
866000 -0.0385471 24.2108 13.0861 
868000 -0.0035809 24.1643 13.1162 
870000 -0.0151617 24.1505 13.0875 
872000 0.00653297 24.1755 13.0799 
874000 0.012448 24.1968 13.1524 
876000 0.0128685 24.1857 13.201 
878000 0.0296042 24.1269 13.22 
880000 -0.0181113 24.2044 13.237 
882000 -0.00164798 24.1888 13.2895 
884000 0.0077467 24.163 13.3549 
886000 0.00989997 24.1955 13.3923 
888000 0.0255875 24.1679 13.4003 
890000 0.0127508 24.1362 13.4203 
892000 0.0410837 24.1625 13.4653 
894000 0.0196566 24.187 13.4975 
896000 0.0158461 24.1987 13.5485 
898000 0.00295273 24.1333 13.5996 
900000 -0.00247905 24.1899 13.5733 
902000 0.00858748 24.2054 13.5137 
904000 -0.0147125 24.1894 13.484 
906000 0.0173169 24.1836 13.4785 
908000 0.0165853 24.1846 13.4873 
910000 0.0138955 24.1552 13.4486 
912000 0.0109486 24.1658 13.4063 
914000 0.00324707 24.2019 13.4133 
916000 0.0213395 24.1816 13.4131 
918000 0.00569928 24.1373 13.3616 
920000 0.0174639 24.1816 13.3007 
922000 -0.0150202 24.2176 13.2485 
924000 0.000440179 24.1968 13.2274 
926000 -0.0104914 24.1814 13.2229 
928000 -0.00777497 24.2011 13.2446 
930000 0.0117876 24.1649 13.2538 
932000 0.0159659 24.1741 13.2324 
934000 0.0189586 24.2067 13.206 
936000 0.0210158 24.1841 13.1841 
938000 0.000762665 24.1484 13.2099 
940000 0.014383 24.1555 13.2544 
942000 0.0085419 24.1992 13.2674 
944000 -0.0107922 24.2011 13.27 
946000 0.00774781 24.1676 13.3246 
948000 0.00150692 24.1854 13.3655 
950000 0.0303925 24.1738 13.3348 
952000 -0.00220417 24.1708 13.2985 
954000 0.0197929 24.2111 13.2624 
956000 -0.0104832 24.1761 13.2274 
958000 0.0287466 24.1486 13.2395 
960000 0.000185279 24.1511 13.2352 
962000 0.0164916 24.1955 13.2323 
964000 -0.0134831 24.2116 13.1821 
966000 -0.00685677 24.1711 13.0851 
968000 0.0344615 24.1733 13.0226 
970000 0.0205497 24.1879 13.0247 
972000 0.0178968 24.1868 13.0028 
974000 -0.00394772 24.192 12.9476 
976000 0.0314819 24.1414 12.8945 
978000 -0.00407699 24.1421 12.867 
980000 -0.00570399 24.1597 12.8656 
982000 0.0089839 24.1841 12.8068 
984000 0.0120132 24.2099 12.7318 
986000 0.0177557 24.1858 12.6825 
988000 0.00276352 24.162 12.6853 
990000 0.0174718 24.1948 12.6819 
992000 0.0212707 24.1955 12.7115 
994000 0.0235959 24.1982 12.7749 
996000 0.00162239 24.1538 12.7609 
998000 -0.0192358 24.1231 12.7301 
1000000 0.0164061 24.1532 12.7529 
1002000 0.0139258 24.1725 12.805 
1004000 0.011541 24.2162 12.8362 
1006000 0.0193073 24.1967 12.8366 
1008000 0.0209279 24.1751 12.8282 
1010000 0.011504 24.1893 12.8362 
1012000 0.00708822 24.1873 12.8626 
1014000 -0.0158026 24.2009 12.8408 
1016000 0.00391213 24.1461 12.8121 
1018000 -0.000710323 24.1426 12.8146 
1020000 -0.00411075 24.1534 12.7831 
1022000 0.0132025 24.1844 12.7748 
1024000 0.0361863 24.2245 12.8271 
1026000 -0.00737255 24.2158 12.8445 
1028000 0.0257744 24.1863 12.8091 
1030000 0.00558097 24.1656 12.7504 
1032000 0.00854877 24.1685 12.7094 
1034000 0.00760098 24.2036 12.7056 
1036000 -0.0104691 24.1603 12.7204 
1038000 0.000595017 24.1332 12.7004 
1040000 0.0133243 24.1627 12.6727 
1042000 0.00138006 24.1941 12.7229 
1044000 0.00453174 24.2145 12.7419 
1046000 0.00540432 24.2056 12.7444 
1048000 0.0315139 24.1958 12.773 
1050000 0.00393484 24.1848 12.7803 
1052000 0.00278525 24.1564 12.7895 
1054000 -0.0273685 24.2051 12.8413 
1056000 0.0405058 24.194 12.9347 
1058000 0.00203464 24.1455 12.9892 
1060000 -0.0017151 24.1378 13.0092 
1062000 0.0118672 24.2257 13.0027 
1064000 0.0183167 24.2008 13.0104 
1066000 -0.0141952 24.2126 13.0683 
1068000 0.00915845 24.2044 13.1042 
1070000 0.0122551 24.1927 13.1093 
1072000 0.00821522 24.1661 13.1503 
1074000 -0.014782 24.1878 13.1831 
1076000 -0.0141489 24.2106 13.2201 
1078000 -0.00850221 24.1421 13.2279 
1080000 -0.00193361 24.1312 13.2383 
1082000 0.0146287 24.2035 13.2127 
1084000 -0.0172066 24.1845 13.1703 
1086000 0.00869347 24.1955 13.1768 
1088000 0.030412 24.1862 13.2159 
1090000 0.032792 24.1765 13.2423 
1092000 -0.00464226 24.1557 13.2203 
1094000 0.0196025 24.1752 13.1606 
1096000 -0.0057718 24.2064 13.1541 
1098000 -0.00800555 24.1493 13.1779 
1100000 0.00764563 24.1305 13.176 
1102000 -0.00583396 24.1854 13.1849 
1104000 0.0122567 24.198 13.2125 
1106000 -0.0076455 24.1883 13.2266 
1108000 0.0246354 24.1849 13.2564 
1110000 0.000597565 24.1587 13.3092 
1112000 0.0331373 24.1366 13.3473 
1114000 0.0147084 24.19 13.3438 
1116000 0.0298536 24.1978 13.3363 
1118000 0.0015742 24.1714 13.3345 
1120000 0.00326946 24.1261 13.3851 
1122000 0.0484078 24.1582 13.4291 
1124000 -0.00858955 24.2243 13.4118 
1126000 0.0047532 24.1746 13.38 
1128000 0.0309443 24.185 13.3771 
1130000 0.018069 24.1623 13.3869 
1132000 -0.0146137 24.1494 13.3897 
1134000 0.00278602 24.1763 13.4257 
1136000 0.0123462 24.198 13.4267 
1138000 0.0131427 24.1838 13.3973 
1140000 -0.0047 24.1073 13.3801 
1142000 0.0461877 24.1355 13.3554 
1144000 0.0170467 24.2311 13.3363 
1146000 0.0128023 24.1818 13.3067 
1148000 0.0226573 24.1894 13.2349 
1150000 0.031901 24.1737 13.1702 
1152000 0.0214077 24.1594 13.1758 
1154000 -0.00761224 24.1671 13.1895 
1156000 0.0261915 24.1745 13.1401 
1158000 0.0173787 24.1698 13.1121 
1160000 0.000340325 24.1302 13.0906 
1162000 0.0152242 24.1199 13.0789 
1164000 0.0225779 24.2358 13.0958 
1166000 -0.0035666 24.1879 13.1056 
1168000 0.00628855 24.1882 13.1155 
1170000 -0.00419456 24.1726 13.1085 
1172000 0.0238723 24.1618 13.0677 
1174000 0.0194517 24.1557 13.0334 
1176000 0.00856779 24.1859 13.04 
1178000 0.00641462 24.1915 13.0288 
1180000 0.0163329 24.153 12.987 
1182000 0.0111325 24.1038 12.9752 
1184000 0.0184787 24.2249 13.0296 
1186000 0.0170106 24.2074 13.0554 
1188000 -0.00496014 24.1872 13.0387 
1190000 -0.00338016 24.165 13.0174 
1192000 -0.00114766 24.1522 12.97 
1194000 0.0183436 24.1607 12.94 
1196000 0.018168 24.1866 12.9201 
1198000 0.00237555 24.203 12.9208 
1200000 0.0214438 24.1443 12.9145 
1202000 0.014455 24.1032 12.871 
1204000 -0.00331461 24.2126 12.8087 
1206000 -0.0218647 24.2334 12.7679 
1208000 0.00818488 24.2096 12.7553 
1210000 -0.012946 24.1724 12.7132 
1212000 0.0100019 24.1616 12.6627 
1214000 0.0188243 24.1746 12.6624 
1216000 0.00776359 24.1766 12.696 
1218000 0.00477235 24.1979 12.7231 
1220000 0.00210684 24.1541 12.7257 
1222000 -0.00157194 24.102 12.7081 
1224000 0.022666 24.1728 12.6651 
1226000 0.00167124 24.2281 12.6444 
1228000 -0.008001 24.2228 12.6537 
1230000 0.00206779 24.1751 12.6884 
1232000 -0.028789 24.1504 12.7299 
1234000 0.0109909 24.1814 12.7254 
1236000 0.00385804 24.1686 12.7053 
1238000 0.00618502 24.2243 12.7363 
1240000 -0.00345955 24.1658 12.7697 
1242000 0.00500631 24.0929 12.7807 
1244000 0.00316257 24.1622 12.8002 
1246000 0.0276359 24.2227 12.8154 
1248000 0.0135243 24.2381 12.8535 
1250000 0.0149561 24.1939 12.8762 
1252000 0.00987804 24.1511 12.8973 
1254000 -0.0146769 24.1461 12.8874 
1256000 0.00657045 24.1668 12.8248 
1258000 0.0115702 24.2171 12.7775 
1260000 -0.0227679 24.2004 12.7817 
1262000 -0.0313518 24.0951 12.8076 
1264000 0.0184179 24.1584 12.8377 
1266000 -0.00401391 24.2153 12.8212 
1268000 0.0172794 24.2583 12.8232 
1270000 -0.0262756 24.1977 12.8224 
1272000 0.00461089 24.162 12.8308 
1274000 0.0166277 24.143 12.8688 
1276000 -0.0153917 24.1552 12.9042 
1278000 0.00867957 24.2161 12.9195 
1280000 0.0148364 24.2041 12.9436 
1282000 0.00624967 24.1155 12.9821 
1284000 0.0185136 24.1123 13.0035 
1286000 0.0324549 24.1957 12.9987 
1288000 -0.0168463 24.2468 13.0031 
1290000 0.0069739 24.2146 12.9883 
1292000 -0.0162308 24.1724 13.0329 
1294000 -0.000706103 24.1507 13.1047 
1296000 0.0235716 24.1515 13.1422 
1298000 -0.00171802 24.211 13.1921 
1300000 0.0108386 24.1993 13.2217 
1302000 0.0339853 24.1353 13.2594 
1304000 -0.0134504 24.0874 13.2772 
1306000 0.0149718 24.1734 13.2899 
1308000 0.0139622 24.2349 13.3168 
1310000 -0.00142014 24.2247 13.3303 
1312000 0.0167487 24.1914 13.3327 
1314000 0.026136 24.173 13.3214 
1316000 0.0141286 24.1555 13.3257 
1318000 0.00626196 24.2053 13.3222 
1320000 -0.00801173 24.2278 13.275 
1322000 0.0121948 24.135 13.2658 
1324000 0.0362476 24.0946 13.2847 
1326000 0.00183746 24.1609 13.2988 
1328000 0.00913298 24.2029 13.3346 
1330000 0.0232145 24.2079 13.3511 
1332000 0.013337 24.1897 13.35 
1334000 0.0209172 24.1585 13.3197 
1336000 0.0395373 24.1461 13.3161 
1338000 0.00255501 24.1959 13.3134 
1340000 0.0102631 24.2045 13.3413 
1342000 -0.00902942 24.1218 13.3296 
1344000 0.00891308 24.1175 13.3236 
1346000 0.0213415 24.1403 13.3386 
1348000 0.000800345 24.1916 13.3803 
1350000 0.00661431 24.1719 13.3694 
1352000 0.0343605 24.1945 13.3564 
1354000 0.025035 24.1547 13.3669 
1356000 0.00754408 24.1205 13.3808 
1358000 0.0364087 24.195 13.4 
1360000 -0.00547705 24.207 13.4051 
1362000 -0.00473393 24.1379 13.4159 
1364000 -0.00459906 24.1086 13.3966 
1366000 0.00782763 24.1292 13.3689 
1368000 0.0254174 24.1762 13.3298 
1370000 0.00502382 24.1536 13.2943 
1372000 0.0164666 24.1886 13.2749 
1374000 0.0220609 24.1597 13.2354 
1376000 0.0115497 24.1359 13.2193 
1378000 -0.00231608 24.1793 13.1965 
1380000 0.0463276 24.217 13.1661 
1382000 -0.000248263 24.1475 13.125 
1384000 0.0227421 24.1227 13.0897 
1386000 0.0152902 24.0997 13.0471 
1388000 0.00485348 24.1812 13.0297 
1390000 0.0193357 24.1502 13.0134 
1392000 0.0160184 24.167 13.0178 
1394000 0.0175035 24.1723 13.0064 
1396000 0.0189341 24.1505 12.9659 
1398000 0.00879632 24.1755 12.9247 
1400000 -0.000653184 24.2171 12.8884 
1402000 0.0133388 24.1568 12.8825 
1404000 0.0240392 24.1334 12.8751 
1406000 0.00846536 24.1028 12.8816 
1408000 0.0124662 24.183 12.8971 
1410000 -0.0108792 24.1434 12.9247 
1412000 0.0207239 24.1535 12.9428 
1414000 0.0276505 24.173 12.9156 
1416000 -0.0120059 24.1541 12.8984 
1418000 0.0254637 24.1703 12.8855 
1420000 -0.00208264 24.2088 12.8596 
1422000 6.10618e-05 24.1776 12.8599 
1424000 0.00352217 24.145 12.8607 
1426000 0.00923016 24.096 12.8547 
1428000 0.0166751 24.1675 12.8044 
1430000 0.0220867 24.1416 12.769 
1432000 0.0237044 24.1367 12.7609 
1434000 0.026943 24.1425 12.7405 
1436000 0.0332817 24.1489 12.7236 
1438000 -0.00625977 24.1763 12.7014 
1440000 0.00508985 24.2051 12.7021 
1442000 0.0125728 24.1944 12.718 
1444000 0.00412007 24.1662 12.7027 
1446000 0.0120971 24.1223 12.6682 
1448000 0.00823044 24.1802 12.6516 
1450000 -0.00897876 24.1356 12.6086 
1452000 -0.00917849 24.1149 12.5708 
1454000 0.0199137 24.1501 12.5873 
1456000 0.000262428 24.1367 12.6284 
1458000 0.0312789 24.1605 12.6208 
1460000 -0.00374767 24.2029 12.6245 
1462000 -0.0147696 24.1959 12.6611 
1464000 0.00192771 24.1664 12.7 
1466000 -0.00611245 24.1109 12.7295 
1468000 0.00856299 24.158 12.7267 
1470000 0.0329787 24.1607 12.7521 
1472000 0.00179958 24.12 12.8185 
1474000 0.0217951 24.1399 12.8675 
1476000 0.00013264 24.1214 12.8886 
1478000 -0.0127506 24.1336 12.9004 
1480000 0.0201398 24.1792 12.9007 
1482000 -0.00795867 24.1954 12.8535 
1484000 0.0121729 24.1997 12.8657 
1486000 0.023007 24.1061 12.9103 
1488000 0.0152876 24.1483 12.9588 
1490000 0.00581104 24.155 12.9713 
1492000 0.0198889 24.1198 12.9684 
1494000 0.00336205 24.1383 12.9839 
1496000 -0.0132084 24.127 13.0113 
1498000 0.0203884 24.1371 13.0012 
1500000 0.0139694 24.1667 12.974 
1502000 0.0264474 24.1886 12.9915 
1504000 0.0182972 24.1937 12.9988 
1506000 0.0213707 24.1353 12.9954 
1508000 0.00679708 24.1097 13.0028 
1510000 0.0119954 24.1655 12.9978 
1512000 -0.00147888 24.1297 12.9711 
1514000 -0.00479899 24.1412 12.9624 
1516000 0.0111119 24.1329 13.011 
1518000 -0.0031188 24.1369 13.0886 
1520000 0.00846613 24.161 13.173 
1522000 0.00141283 24.1864 13.2015 
1524000 0.0168008 24.2301 13.2286 
1526000 0.0123842 24.1421 13.2661 
1528000 0.00705815 24.0973 13.2937 
1530000 0.00240643 24.1592 13.2793 
1532000 0.0202473 24.1327 13.2916 
1534000 -0.000758203 24.1493 13.3397 
1536000 -0.00344872 24.1274 13.3588 
1538000 0.00580989 24.1418 13.3784 
1540000 0.000392549 24.1597 13.4017 
1542000 -0.0194991 24.1718 13.4049 
1544000 0.0102738 24.2325 13.3965 
1546000 0.0294076 24.1862 13.3645 
1548000 0.0122295 24.1186 13.3909 
1550000 -0.0148078 24.1323 13.4597 
1552000 -0.0191851 24.1339 13.5002 
1554000 0.000157562 24.1483 13.4532 
1556000 0.0173889 24.1269 13.4141 
1558000 0.0107247 24.1398 13.3979 
1560000 0.0190433 24.1668 13.3309 
1562000 0.0122937 24.184 13.2757 
1564000 -0.000314245 24.2275 13.2662 
1566000 0.011145 24.2217 13.2575 
1568000 0.00488114 24.1446 13.2467 
1570000 0.0246935 24.1352 13.2489 
1572000 0.0145378 24.1308 13.2535 
1574000 0.00480129 24.1526 13.2557 
1576000 -0.00709784 24.1367 13.2199 
1578000 0.0162919 24.1361 13.1857 
1580000 0.03042 24.1586 13.2253 
1582000 -0.0103724 24.168 13.3025 
1584000 -0.00858558 24.2093 13.3145 
1586000 -0.0118923 24.2401 13.2798 
1588000 -0.00794007 24.1808 13.2657 
1590000 0.025719 24.1348 13.2337 
1592000 -0.0184222 24.1268 13.2152 
1594000 0.0114881 24.1595 13.2077 
1596000 0.016569 24.1503 13.2245 
1598000 0.0139298 24.1184 13.2383 
1600000 -0.0206598 24.1533 13.2279 
1602000 0.0228752 24.1711 13.2198 
1604000 0.0270054 24.2018 13.2615 
1606000 0.0283581 24.2491 13.2614 
1608000 -0.0347839 24.2035 13.1768 
1610000 0.0133963 24.1769 13.1085 
1612000 0.0205652 24.1293 13.1099 
1614000 0.0145288 24.1578 13.0865 
1616000 0.0191339 24.1496 13.0447 
1618000 -0.00390778 24.1335 12.9819 
1620000 0.0189015 24.1539 12.9012 
1622000 -0.0234336 24.1552 12.846 
1624000 0.0376819 24.1932 12.782 
1626000 -0.0152094 24.2504 12.7595 
1628000 0.0160599 24.206 12.774 
1630000 -0.00541706 24.1947 12.7542 
1632000 0.0216908 24.154 12.7272 
1634000 0.00392726 24.1765 12.7355 
1636000 0.0225868 24.1907 12.7833 
1638000 0.0194323 24.1414 12.7606 
1640000 0.00485097 24.1523 12.6857 
1642000 -0.0040898 24.1649 12.6613 
1644000 -0.00866494 24.1725 12.6934 
1646000 0.0262717 24.2311 12.7244 
1648000 0.0124049 24.223 12.7492 
1650000 0.0210878 24.1981 12.7664 
1652000 0.00679137 24.1728 12.7692 
1654000 5.5293e-05 24.1714 12.7748 
1656000 0.00587266 24.1938 12.769 
1658000 -0.0165237 24.1732 12.7938 
1660000 0.00175102 24.1378 12.8358 
1662000 0.0118244 24.1759 12.8424 
1664000 -0.004308 24.1912 12.796 
1666000 -0.0225906 24.217 12.7946 
1668000 0.0239652 24.2005 12.8183 
1670000 0.00629319 24.1969 12.7695 
1672000 -0.0146448 24.1982 12.6684 
1674000 0.0134044 24.1713 12.616 
1676000 0.029829 24.1847 12.6245 
1678000 0.00829874 24.2048 12.6276 
1680000 0.0174795 24.1421 12.6427 
1682000 -0.0271862 24.1741 12.657 
1684000 0.000344452 24.1784 12.6509 
1686000 0.00087858 24.1965 12.6397 
1688000 0.0064226 24.2183 12.6111 
1690000 0.0169357 24.1967 12.6377 
1692000 0.0123365 24.2358 12.6818 
1694000 0.0191855 24.1786 12.6586 
1696000 0.00686053 24.1898 12.6513 
1698000 0.00122903 24.2136 12.7283 
1700000 -0.0224709 24.1462 12.7777 
1702000 0.0133105 24.1723 12.7829 
1704000 0.0133847 24.1628 12.7821 
1706000 0.00355861 24.1793 12.813 
1708000 -0.0101885 24.1862 12.8756 
1710000 0.00270741 24.1927 12.9579 
1712000 0.0327623 24.2228 13.0185 
1714000 -0.0029432 24.2192 13.0701 
1716000 0.00327456 24.1857 13.0964 
1718000 0.00857836 24.1942 13.0853 
1720000 0.00408086 24.1614 13.1001 
1722000 0.00417338 24.1498 13.1475 
1724000 0.0258036 24.1481 13.1483 
1726000 0.00546372 24.1743 13.1019 
1728000 0.00729519 24.1745 13.1233 
1730000 0.0212072 24.1448 13.1684 
1732000 -0.0065217 24.2125 13.1713 
1734000 0.0231691 24.2425 13.1512 
1736000 0.0188881 24.209 13.1158 
1738000 -0.00773568 24.1959 13.0832 
1740000 -0.00954529 24.1586 13.0853 
1742000 -0.0170982 24.1242 13.1041 
1744000 -0.0107146 24.1417 13.1427 
1746000 0.0225178 24.1601 13.1612 
1748000 0.00912661 24.1734 13.1545 
1750000 -0.00344284 24.1389 13.1061 
1752000 0.00929768 24.1923 13.1281 
1754000 0.00921089 24.2473 13.1693 
1756000 -0.00530937 24.2189 13.1667 
1758000 0.0144004 24.1942 13.1854 
1760000 -0.011842 24.1636 13.2483 
1762000 -0.000247571 24.1059 13.321 
1764000 -0.00575008 24.14 13.3768 
1766000 -0.00142556 24.1433 13.3884 
1768000 0.0150693 24.1646 13.3933 
1770000 0.0167873 24.1338 13.4048 
1772000 0.00904318 24.1946 13.4261 
1774000 0.0121785 24.2246 13.451 
1776000 -0.00377796 24.2332 13.513 
1778000 0.00761539 24.186 13.5537 
1780000 0.024703 24.1872 13.492 
1782000 -0.00275777 24.1239 13.4343 
1784000 -0.00843155 24.1403 13.4415 
1786000 0.0177546 24.1608 13.4329 
1788000 0.00488905 24.1489 13.4101 
1790000 0.0213394 24.1533 13.3636 
1792000 0.0153882 24.1984 13.3536 
1794000 -0.01461 24.2227 13.3307 
1796000 0.0150797 24.2285 13.3067 
1798000 0.00223908 24.1856 13.2419 
1800000 -0.00459313 24.2153 13.1828 
1802000 0.0178869 24.1458 13.1287 
1804000 0.0101272 24.1463 13.0603 
1806000 0.00197439 24.1716 13.0654 
1808000 0.00569777 24.1565 13.1068 
1810000 0.0080835 24.1469 13.0944 
1812000 -0.00155723 24.1759 13.0544 
1814000 0.0181148 24.1984 13.027 
1816000 -0.0200784 24.2285 13.0325 
1818000 0.000239379 24.208 13.0536 
1820000 0.00916783 24.2271 13.0568 
1822000 -0.0161958 24.1714 13.0656 
1824000 0.0176083 24.1413 13.0751 
1826000 0.0103134 24.178 13.1154 
1828000 -0.0122469 24.1604 13.12 
1830000 0.00158371 24.1656 13.1172 
1832000 0.0139569 24.179 13.1176 
1834000 0.00421664 24.1945 13.064 
1836000 0.0100561 24.2404 13.0282 
1838000 0.01735 24.2307 13.0684 
1840000 -0.00822828 24.233 13.107 
1842000 0.00748435 24.1677 13.0955 
1844000 0.0123168 24.1237 13.0325 
1846000 0.023783 24.1636 12.9648 
1848000 0.0138077 24.1555 12.9094 
1850000 -0.00449949 24.1773 12.8599 
1852000 0.0114188 24.1658 12.8193 
1854000 -0.00453401 24.1743 12.7723 
1856000 -0.010489 24.2524 12.7453 
1858000 -0.000319073 24.2223 12.6813 
1860000 -0.0193261 24.2378 12.6126 
1862000 -0.0126889 24.1927 12.593 
1864000 0.0202296 24.1208 12.5812 
1866000 -0.0124765 24.1661 12.545 
1868000 0.00124262 24.1885 12.5277 
1870000 0.00747458 24.1778 12.5598 
1872000 0.0229965 24.153 12.6092 
1874000 -0.0165971 24.1648 12.6546 
1876000 0.000176167 24.2213 12.6529 
1878000 0.00448096 24.2441 12.6183 
1880000 0.00301365 24.2595 12.6229 
1882000 0.0145958 24.202 12.6378 
1884000 -0.0140942 24.1283 12.6467 
1886000 0.0164077 24.1586 12.7164 
1888000 0.00253852 24.183 12.7656 
1890000 -0.00725209 24.1445 12.7629 
1892000 0.0207719 24.1445 12.7783 
1894000 -0.00382996 24.1445 12.8154 
1896000 -0.0228912 24.1947 12.8344 
1898000 -0.0149859 24.2819 12.8072 
1900000 0.00987732 24.2565 12.8006 
1902000 0.0165137 24.2199 12.8031 
1904000 -0.00301639 24.1478 12.826 
1906000 0.0383486 24.1682 12.8122 
1908000 0.00699484 24.1678 12.7472 
1910000 0.0165759 24.1432 12.6965 
1912000 -0.00219739 24.1424 12.6565 
1914000 0.00771433 24.1525 12.623 
1916000 0.0164125 24.1806 12.6249 
1918000 -0.00309101 24.2699 12.6716 
1920000 0.0292792 24.2561 12.6869 
1922000 -0.00152725 24.238 12.681 
1924000 -0.00758215 24.1752 12.7017 
1926000 0.0138784 24.1541 12.7375 
1928000 -0.00625099 24.1496 12.7704 
1930000 0.00123844 24.154 12.7752 
1932000 -0.0156405 24.1512 12.7839 
1934000 -0.0184176 24.1592 12.845 
1936000 0.0225144 24.1578 12.913 
1938000 -0.0175636 24.2529 12.9484 
1940000 0.0105166 24.2594 12.9852 
1942000 0.00145637 24.2224 13.0389 
1944000 -0.0108208 24.2046 13.0642 
1946000 -0.0120266 24.167 13.0998 
1948000 -0.00123319 24.1507 13.1763 
1950000 0.000714552 24.1465 13.2512 
1952000 -0.00800222 24.141 13.2995 
1954000 0.00694023 24.1699 13.3212 
1956000 -0.0160088 24.1475 13.3388 
1958000 0.0153954 24.2528 13.3444 
1960000 0.0122765 24.2633 13.3501 
1962000 0.00366507 24.2533 13.3023 
1964000 0.0203026 24.2054 13.2522 
1966000 -0.00427535 24.1803 13.2663 
1968000 -0.020167 24.1659 13.2427 
1970000 0.00840592 24.1617 13.2324 
1972000 -0.000975577 24.1493 13.2326 
1974000 0.00946718 24.1717 13.2388 
1976000 -0.00873368 24.1596 13.1999 
1978000 -0.00994314 24.2495 13.1718 
1980000 -0.0067591 24.2606 13.1648 
1982000 -0.0100952 24.2528 13.1728 
1984000 0.00260492 24.1943 13.1998 
1986000 -0.015748 24.1815 13.2065 
1988000 -0.00365479 24.1767 13.2229 
1990000 -0.0423638 24.1499 13.257 
1992000 -0.000304498 24.1549 13.2608 
1994000 0.0210978 24.162 13.2541 
1996000 0.0150369 24.1591 13.2882 
1998000 0.0182315 24.2329 13.3342 
2000000 -0.00209295 24.2629 13.3619 
