63.3311 34.75 1
59.1755 36.25 1
56.2773 37.75 1
52.4506 39.25 1
47.6442 40.75 1
43.2403 42.25 1
39.5162 43.75 1
32.6287 45.25 1
26.0901 46.75 1
18.7912 48.25 1
11.8577 49.75 1
6.30783 50.5381 1
15.2285 48.9737 1
19.8461 48.0589 1
23.5411 47.3785 1
26.7204 46.7849 1
29.5557 45.8427 1
32.1399 45.2828 1
34.5302 44.744 1
36.7647 44.2241 1
38.8706 43.7517 1
40.8678 43.174 1
42.7717 42.5022 1
44.5942 41.7486 1
46.345 41.6708 1
48.0319 40.6886 1
49.6615 40.2257 1
51.2392 39.7846 1
52.7697 38.8816 1
54.2571 38.5548 1
55.7047 37.934 1
57.1156 37.4675 1
58.4925 36.562 1
59.8376 35.9542 1
61.1532 35.7557 1
62.4411 34.589 1
