63.3311 34.75
59.1755 36.25
56.2773 37.75
52.4506 39.25
47.6442 40.75
43.2403 42.25
39.5162 43.75
32.6287 45.25
26.0901 46.75
18.7912 48.25
11.8577 49.75
6.30783 50.5381
15.2285 48.9737
19.8461 48.0589
23.5411 47.3785
26.7204 46.7849
29.5557 45.8427
32.1399 45.2828
34.5302 44.744
36.7647 44.2241
38.8706 43.7517
40.8678 43.174
42.7717 42.5022
44.5942 41.7486
46.345 41.6708
48.0319 40.6886
49.6615 40.2257
51.2392 39.7846
52.7697 38.8816
54.2571 38.5548
55.7047 37.934
57.1156 37.4675
58.4925 36.562
59.8376 35.9542
61.1532 35.7557
62.4411 34.589
 
