6.307831305   109.4395626
10.90987852   108.25
15.22845189   106.8139908
15.54984122   106.75
18.16442354   105.25
19.84610489   104.4505546
20.88929055   103.75
23.28088419   102.25
23.54114692   101.7080727
24.21589652   100.75
26.44427791   40.75
26.56195197   99.25
26.7204022    99.10418275
27.96838709   42.25
28.24864411   97.75
29.55570767   96.31324563
29.68024234   43.75
29.711341     96.25
30.4362577    45.25
30.95212729   94.75
31.5846572    46.75
32.13992103   93.88417022
32.45838141   93.25
32.89814447   48.25
33.12262376   91.75
33.4503416    49.75
34.29599      90.25
34.53019411   90.04635738
34.56988704   51.25
35.08533173   88.75
35.80965365   52.75
35.93138515   87.25
36.24368945   54.25
36.53998444   85.75
36.76473508   85.74480841
37.15909351   84.25
37.2361694    55.75
37.68837002   57.25
37.86669375   58.75
38.00454145   82.75
38.26578791   60.25
38.35990907   81.25
38.82075037   61.75
38.822404     79.75
38.95364901   63.25
39.20660009   64.75
39.2911465    76.75
39.41918867   67.75
39.43860749   78.25
39.51271267   73.75
39.57844245   66.25
39.63838851   69.25
39.77485132   70.75
40.01401157   75.25
40.09744841   72.25
-6.307831305  109.4395626
-10.90987852  108.25
-15.22845189  106.8139908
-15.54984122  106.75
-18.16442354  105.25
-19.84610489  104.4505546
-20.88929055  103.75
-23.28088419  102.25
-23.54114692  101.7080727
-24.21589652  100.75
-26.44427791  40.75
-26.56195197  99.25
-26.7204022   99.10418275
-27.96838709  42.25
-28.24864411  97.75
-29.55570767  96.31324563
-29.68024234  43.75
-29.711341    96.25
-30.4362577   45.25
-30.95212729  94.75
-31.5846572   46.75
-32.13992103  93.88417022
-32.45838141  93.25
-32.89814447  48.25
-33.12262376  91.75
-33.4503416   49.75
-34.29599     90.25
-34.53019411  90.04635738
-34.56988704  51.25
-35.08533173  88.75
-35.80965365  52.75
-35.93138515  87.25
-36.24368945  54.25
-36.53998444  85.75
-36.76473508  85.74480841
-37.15909351  84.25
-37.2361694   55.75
-37.68837002  57.25
-37.86669375  58.75
-38.00454145  82.75
-38.26578791  60.25
-38.35990907  81.25
-38.82075037  61.75
-38.822404    79.75
-38.95364901  63.25
-39.20660009  64.75
-39.2911465   76.75
-39.41918867  67.75
-39.43860749  78.25
-39.51271267  73.75
-39.57844245  66.25
-39.63838851  69.25
-39.77485132  70.75
-40.01401157  75.25
-40.09744841  72.25
