#timest       avgRadius       avgDipole    monoExchange            MSDx            MSDy            MSDz          MSDavg 
00000000       29.477411        0.005017        0.000000        0.000000        0.000000        0.000000         0.000000
00002000       29.392216       -0.004522        0.000000        1.937889        1.935973        1.929946         1.934603
00004000       29.310582       -0.001675        0.000000        3.620553        3.745052        3.798292         3.721299
00006000       29.197034       -0.001268        0.000000        5.519203        5.614454        5.959722         5.697793
00008000       28.999658       -0.002790        0.000000        7.502314        7.245303        8.304633         7.684083
00010000       28.865247        0.000108        4.000000        9.281815        8.976327       10.866839         9.708327
00012000       28.816453       -0.001006        4.000000       11.113110       10.590159       13.933591        11.878954
00014000       28.689770       -0.002696        4.000000       12.822517       12.491357       17.406989        14.240288
00016000       28.638965       -0.001174        4.000000       14.636445       14.242316       20.938310        16.605690
00018000       28.623293        0.001251        4.000000       16.359917       15.954225       24.846726        19.053623
00020000       28.615192       -0.002853        3.000000       18.043565       17.798578       29.640860        21.827668
00022000       28.659380        0.001103        3.000000       19.810329       19.741032       34.678092        24.743151
00024000       28.663807       -0.004502        3.000000       21.532690       21.655009       40.373462        27.853720
00026000       28.649596       -0.008816        3.000000       23.211212       23.295725       47.144110        31.217016
00028000       28.747686       -0.003622        3.000000       25.039728       25.050728       54.573704        34.888053
00030000       28.781886       -0.003789        2.000000       26.963228       26.804351       62.701686        38.823088
00032000       28.828617        0.001512        2.000000       28.854625       28.851562       72.242205        43.316131
00034000       28.965656       -0.002628        2.000000       30.924013       30.475723       82.504435        47.968057
00036000       29.075844       -0.002538        2.000000       32.532655       32.019693       93.032949        52.528432
00038000       29.186746       -0.001289        2.000000       34.273738       34.094182      104.769640        57.712520
00040000       29.271059       -0.001749        4.000000       35.978007       36.085980      117.667000        63.243663
00042000       29.437122       -0.001603        4.000000       37.908575       38.343116      131.135817        69.129169
00044000       29.558976       -0.002667        4.000000       40.037785       39.525303      146.730865        75.431318
00046000       29.603012       -0.002740        4.000000       42.023111       41.054437      162.863551        81.980366
00048000       29.756730       -0.006082        4.000000       44.051828       42.448367      179.375216        88.625137
00050000       29.926452       -0.003716        1.000000       46.469725       44.298947      196.572584        95.780419
00052000       30.031142       -0.001433        1.000000       48.834127       45.909114      214.335731       103.026324
00054000       30.209336       -0.005931        1.000000       51.691280       47.685865      232.723077       110.700074
00056000       30.330100       -0.003827        1.000000       54.304433       49.658743      252.073332       118.678836
00058000       30.517771       -0.004546        1.000000       56.675337       52.016660      270.692439       126.461478
00060000       30.715100       -0.001922        2.000000       59.317624       54.063618      288.770477       134.050573
00062000       30.860363       -0.005412        2.000000       61.920647       55.981385      307.313810       141.738614
00064000       30.933901       -0.002178        2.000000       64.659879       58.546669      328.200564       150.469037
00066000       31.085829       -0.002651        2.000000       67.641273       60.729380      348.876701       159.082451
00068000       31.253761       -0.004451        2.000000       70.423218       63.287967      369.682724       167.797970
00070000       31.436816       -0.001868        2.000000       73.342580       65.891141      390.029756       176.421159
00072000       31.583521       -0.006210        2.000000       76.136128       68.528252      410.958801       185.207727
00074000       31.725255       -0.003026        2.000000       79.383021       71.094136      431.257500       193.911552
00076000       31.885231       -0.003819        2.000000       82.359843       73.146606      452.925640       202.810696
00078000       32.027233       -0.002865        2.000000       85.645824       75.219936      470.344849       210.403536
00080000       32.183340       -0.004969        2.000000       88.713793       77.160374      488.974738       218.282968
00082000       32.394573       -0.000664        2.000000       91.819430       79.694207      507.543484       226.352374
00084000       32.572337       -0.003794        2.000000       95.683072       81.890961      526.931807       234.835280
00086000       32.674631       -0.003476        2.000000       98.670116       83.554307      546.019638       242.748021
00088000       32.845649       -0.002798        2.000000      102.836126       85.621299      561.360226       249.939217
00090000       33.058406       -0.002428        0.000000      107.295368       88.838444      575.089667       257.074493
00092000       33.245868       -0.004667        0.000000      110.412393       92.496276      588.477673       263.795447
00094000       33.374915       -0.003878        0.000000      112.138232       95.365702      601.818602       269.774179
00096000       33.524264       -0.005247        0.000000      113.732886       98.083323      616.200035       276.005414
00098000       33.704120       -0.002926        0.000000      116.032560      100.734422      632.158519       282.975167
00100000       33.889606       -0.001251        1.000000      118.057035      104.172592      649.985543       290.738390
00102000       34.068029       -0.001992        1.000000      120.502296      107.583359      667.256183       298.447279
00104000       34.236653       -0.002673        1.000000      122.560001      111.169667      685.932717       306.554128
00106000       34.415172       -0.002044        1.000000      125.030413      113.892832      705.596292       314.839846
00108000       34.592823       -0.001818        1.000000      127.014340      117.014872      722.269246       322.099486
00110000       34.764664       -0.003114        2.000000      129.689226      119.692466      739.180196       329.520629
00112000       34.946153       -0.003107        2.000000      131.555312      123.204232      758.107830       337.622458
00114000       35.060814       -0.004898        2.000000      133.716691      126.227251      775.995932       345.313291
00116000       35.237350       -0.005419        2.000000      136.954958      128.960770      793.483785       353.133171
00118000       35.342771       -0.003572        2.000000      139.227628      131.408683      812.225446       360.953919
00120000       35.541858       -0.004451        3.000000      142.731970      134.781105      828.993140       368.835405
00122000       35.722641       -0.003346        3.000000      146.296987      138.778770      847.134874       377.403544
00124000       35.845267       -0.004916        3.000000      149.449327      141.067830      868.540706       386.352621
00126000       35.993858       -0.001582        3.000000      152.724174      144.748265      886.790990       394.754477
00128000       36.148008       -0.008536        3.000000      153.800713      148.669997      902.000888       401.490533
00130000       36.301484       -0.003619        0.000000      155.816114      152.804310      916.524880       408.381768
00132000       36.463073       -0.001638        0.000000      158.292655      156.431761      928.063371       414.262596
00134000       36.660617       -0.005074        0.000000      161.457816      161.102899      935.798398       419.453038
00136000       36.798682       -0.006464        0.000000      164.807425      164.808336      945.118013       424.911258
00138000       36.936826       -0.003479        0.000000      167.567043      169.508809      954.622382       430.566078
00140000       37.084799       -0.005173        0.000000      170.373057      174.709646      961.992390       435.691697
00142000       37.196237       -0.001149        0.000000      171.994700      178.265376      970.913855       440.391310
00144000       37.287572       -0.002989        0.000000      175.655043      180.637351      979.016639       445.103011
00146000       37.350441       -0.005422        0.000000      177.678074      182.021969      990.503763       450.067935
00148000       37.407100       -0.004362        0.000000      179.488483      184.365915     1000.322431       454.725610
00150000       37.565440       -0.002701        2.000000      181.948335      186.514388     1006.789543       458.417422
00152000       37.689192       -0.005574        2.000000      183.663484      190.106539     1018.697804       464.155942
00154000       37.797693       -0.004369        2.000000      187.008694      192.234300     1037.687493       472.310163
00156000       37.952988        0.000439        2.000000      189.992710      195.598206     1050.635402       478.742106
00158000       38.060566       -0.003665        2.000000      192.610777      198.437320     1063.270195       484.772764
00160000       38.056714       -0.003055        0.000000      194.450185      199.593565     1075.739758       489.927836
00162000       38.254085       -0.006111        0.000000      198.762859      202.981238     1087.201970       496.315356
00164000       38.402269       -0.006019        0.000000      202.282817      205.759765     1101.365752       503.136111
00166000       38.513539       -0.006784        0.000000      204.101887      208.606827     1112.593593       508.434102
00168000       38.589452       -0.009265        0.000000      205.182746      210.269283     1123.975331       513.142453
00170000       38.755229       -0.002417        1.000000      207.926618      214.353252     1136.071205       519.450358
00172000       38.820186       -0.003236        1.000000      208.713167      217.987134     1147.617731       524.772677
00174000       38.931700       -0.005912        1.000000      212.197317      219.966642     1153.208226       528.457395
00176000       39.026580       -0.004370        1.000000      215.200843      222.061122     1159.507277       532.256414
00178000       39.153966       -0.006777        1.000000      218.945818      223.959199     1166.304139       536.403052
00180000       39.248797       -0.005671       -2.000000      221.624835      225.697743     1173.187425       540.170001
00182000       39.341804       -0.004555       -2.000000      223.747102      228.256420     1180.582738       544.195420
00184000       39.431357       -0.003888       -2.000000      225.861167      230.612982     1191.698176       549.390775
00186000       39.562004       -0.008197       -2.000000      229.256972      233.655019     1199.154463       554.022151
00188000       39.691419       -0.008019       -2.000000      232.372066      235.412725     1208.624913       558.803235
00190000       39.746349       -0.007546       -1.000000      234.745733      237.960849     1216.951006       563.219196
00192000       39.824636       -0.004021       -1.000000      237.039969      239.870549     1226.095389       567.668635
00194000       39.980783       -0.006384       -1.000000      240.469639      243.819426     1231.613265       571.967443
00196000       40.038881       -0.006157       -1.000000      242.757520      245.263846     1244.937700       577.653022
00198000       40.210223       -0.002331       -1.000000      246.888221      249.122748     1253.431318       583.147429
00200000       40.291662       -0.006289        0.000000      248.573388      251.563842     1261.988114       587.375115
00202000       40.326502       -0.005894        0.000000      250.283351      253.394014     1267.601599       590.426322
00204000       40.396441       -0.001697        0.000000      252.350663      255.879385     1274.514784       594.248277
00206000       40.447780       -0.005698        0.000000      253.226086      257.669940     1282.961014       597.952346
00208000       40.507341       -0.005302        0.000000      254.902065      260.705333     1291.423412       602.343604
00210000       40.567120       -0.009911        5.000000      256.731644      263.071479     1301.276459       607.026527
00212000       40.736115       -0.005421        5.000000      259.371708      267.482920     1313.194809       613.349812
00214000       40.862559       -0.008442        5.000000      262.703297      270.057243     1324.854436       619.204992
00216000       40.946662       -0.004996        5.000000      263.381676      272.199437     1336.465794       624.015636
00218000       41.098833       -0.006636        5.000000      265.330502      276.579182     1347.315480       629.741721
00220000       41.260726       -0.005564        1.000000      266.986059      281.419587     1356.232647       634.879431
00222000       41.417732       -0.004658        1.000000      270.571594      284.817688     1361.884192       639.091158
00224000       41.470184       -0.004270        1.000000      272.937769      285.470441     1367.452428       641.953546
00226000       41.576739       -0.005474        1.000000      275.498127      287.563086     1370.481818       644.514344
00228000       41.705146       -0.004652        1.000000      279.032278      290.133036     1373.891799       647.685704
00230000       41.778839       -0.007797        0.000000      281.820929      292.108020     1376.612829       650.180593
00232000       41.775723       -0.006996        0.000000      283.639327      292.418233     1381.735048       652.597536
00234000       41.855335       -0.006343        0.000000      285.204517      295.492120     1385.971889       655.556175
00236000       41.937109       -0.006121        0.000000      288.239002      297.319311     1390.826975       658.795096
00238000       41.966265       -0.006695        0.000000      289.916539      298.603862     1400.430290       662.983564
00240000       42.044790       -0.010044        2.000000      291.372416      301.861661     1414.328663       669.187580
00242000       42.165896       -0.007607        2.000000      294.142448      306.249649     1421.117177       673.836425
00244000       42.268732       -0.006015        2.000000      295.367759      310.340754     1428.078761       677.929091
00246000       42.338468       -0.008198        2.000000      297.555319      313.163949     1439.269039       683.329436
00248000       42.473843       -0.007095        2.000000      300.755244      318.175538     1449.766965       689.565916
00250000       42.570667       -0.009139       -1.000000      302.544316      322.012590     1455.992838       693.516581
00252000       42.638726       -0.009825       -1.000000      306.307946      324.218727     1461.425875       697.317516
00254000       42.658803       -0.007250       -1.000000      309.505350      324.938427     1467.191243       700.545007
00256000       42.643752       -0.008037       -1.000000      311.007259      326.339339     1470.890197       702.745598
00258000       42.676571       -0.006469       -1.000000      312.776894      328.343770     1477.398479       706.173048
00260000       42.753882       -0.007493        0.000000      314.148080      330.813881     1484.222412       709.728124
00262000       42.877476       -0.007885        0.000000      317.770111      333.989002     1489.256975       713.672029
00264000       42.959724       -0.005704        0.000000      320.515060      337.366599     1494.062118       717.314592
00266000       43.002984       -0.005535        0.000000      321.732123      339.854445     1499.953869       720.513479
00268000       43.024653       -0.004372        0.000000      323.397954      341.847183     1504.942588       723.395908
00270000       43.156964       -0.007661        2.000000      326.252485      345.271246     1506.230513       725.918082
00272000       43.251007       -0.003523        2.000000      327.662745      347.988075     1504.487162       726.712661
00274000       43.353999       -0.008316        2.000000      329.967403      351.705343     1506.359917       729.344221
00276000       43.409970       -0.008326        2.000000      331.843816      354.591449     1515.915053       734.116773
00278000       43.499499       -0.009369        2.000000      335.286597      358.091787     1524.552358       739.310247
00280000       43.629809       -0.004559        0.000000      338.869425      361.228160     1528.496485       742.864690
00282000       43.752506       -0.009602        0.000000      342.437732      363.769034     1534.805688       747.004151
00284000       43.903955       -0.006786        0.000000      344.239762      368.358831     1546.706970       753.101854
00286000       44.003112       -0.009548        0.000000      346.947734      370.939241     1555.555300       757.814091
00288000       44.121975       -0.008078        0.000000      349.031681      374.946961     1564.189370       762.722671
00290000       44.177626       -0.007766        2.000000      350.975295      377.469517     1576.352117       768.265643
00292000       44.336421       -0.008511        2.000000      356.247284      380.123787     1583.724774       773.365282
00294000       44.498288       -0.008974        2.000000      360.300590      383.875526     1592.676238       778.950785
00296000       44.593194       -0.008952        2.000000      363.019426      386.894506     1603.089083       784.334339
00298000       44.732210       -0.010306        2.000000      366.622984      388.708468     1612.695795       789.342416
00300000       44.869705       -0.008804        1.000000      370.524472      391.189973     1622.114652       794.609699
00302000       44.968287       -0.009365        1.000000      372.650635      394.181248     1630.925154       799.252345
00304000       45.070284       -0.008113        1.000000      374.672418      397.343545     1636.108718       802.708227
00306000       45.126161       -0.008405        1.000000      376.304108      398.491236     1639.347621       804.714321
00308000       45.204524       -0.008720        1.000000      377.320190      400.438377     1640.536358       806.098308
00310000       45.278654       -0.007871       -1.000000      377.777225      404.456534     1650.146325       810.793361
00312000       45.342654       -0.006925       -1.000000      381.366387      405.573711     1652.667487       813.202528
00314000       45.437006       -0.008102       -1.000000      385.651464      408.648869     1652.221163       815.507165
00316000       45.523496       -0.008581       -1.000000      390.757169      410.338559     1652.079397       817.725042
00318000       45.610781       -0.007230       -1.000000      391.713439      413.729440     1653.937176       819.793352
00320000       45.650161       -0.006036       -4.000000      393.011072      415.452277     1656.664242       821.709197
00322000       45.640326       -0.009288       -4.000000      395.002519      416.165504     1657.085411       822.751145
00324000       45.642190       -0.010278       -4.000000      396.628133      416.085678     1660.021369       824.245060
00326000       45.664311       -0.006422       -4.000000      398.353853      418.039573     1665.857697       827.417041
00328000       45.686654       -0.008176       -4.000000      399.711001      419.585067     1674.165612       831.153894
00330000       45.819911       -0.007882        0.000000      403.392197      422.783996     1676.469568       834.215254
00332000       45.888083       -0.007671        0.000000      406.438051      423.021013     1683.134907       837.531324
00334000       45.939686       -0.007413        0.000000      409.020170      423.611163     1691.157251       841.262861
00336000       45.996872       -0.008075        0.000000      411.313488      425.587323     1697.527929       844.809580
00338000       46.086761       -0.007086        0.000000      414.902361      428.230906     1701.813119       848.315462
00340000       46.170475       -0.008829        1.000000      415.630989      432.602787     1708.865099       852.366292
00342000       46.247933       -0.011295        1.000000      418.408957      434.052492     1711.953281       854.804910
00344000       46.311211       -0.010121        1.000000      419.889702      436.840200     1717.101776       857.943893
00346000       46.434506       -0.007596        1.000000      422.598012      442.555266     1725.428168       863.527148
00348000       46.624640       -0.012033        1.000000      428.068078      448.336113     1732.794879       869.733023
00350000       46.782983       -0.007693        3.000000      433.981956      451.847033     1742.568438       876.132476
00352000       46.830257       -0.010165        3.000000      435.451582      454.494941     1750.890328       880.278950
00354000       46.902219       -0.008988        3.000000      436.993303      457.868318     1753.057965       882.639862
00356000       46.860180       -0.010323        3.000000      436.840664      457.720069     1748.445157       881.001963
00358000       46.807573       -0.010335        3.000000      436.907445      456.711439     1748.338728       880.652537
00360000       46.840380       -0.009849        0.000000      437.390973      458.804782     1744.375034       880.190263
00362000       46.921854       -0.010499        0.000000      440.486512      461.137170     1748.184566       883.269416
00364000       46.975513       -0.010108        0.000000      443.290522      462.497418     1750.605913       885.464618
00366000       47.023986       -0.009752        0.000000      445.918252      464.105518     1752.108663       887.377478
00368000       47.079720       -0.008243        0.000000      446.605806      467.525596     1749.651064       887.927489
00370000       47.099087       -0.011099        1.000000      447.069833      470.196857     1751.808053       889.691581
00372000       47.082938       -0.008711        1.000000      447.712084      469.345167     1754.877172       890.644807
00374000       47.079514       -0.010370        1.000000      448.700671      469.291378     1758.119393       892.037147
00376000       47.064193       -0.010054        1.000000      450.804757      468.207527     1763.542162       894.184815
00378000       47.103281       -0.010043        1.000000      454.099082      470.063626     1769.266578       897.809762
00380000       47.183942       -0.010542        5.000000      459.153210      470.297745     1776.090894       901.847283
00382000       47.325346       -0.010759        5.000000      464.957349      472.211834     1782.408971       906.526051
00384000       47.450916       -0.009180        5.000000      468.865327      475.284824     1796.094304       913.414818
00386000       47.581189       -0.011336        5.000000      472.756649      478.469893     1804.979410       918.735317
00388000       47.706005       -0.009925        5.000000      477.469184      480.904729     1811.886885       923.420266
00390000       47.743513       -0.010969        2.000000      478.633861      481.997541     1815.385459       925.338954
00392000       47.771326       -0.012295        2.000000      479.969471      483.511309     1817.044123       926.841635
00394000       47.792793       -0.007125        2.000000      479.623805      488.292624     1822.530317       930.148915
00396000       47.785097       -0.009258        2.000000      479.125855      491.260710     1825.645726       932.010764
00398000       47.798204       -0.006737        2.000000      479.435566      493.286844     1832.139623       934.954011
00400000       47.942689       -0.009107        0.000000      481.852392      498.966961     1831.642243       937.487199
00402000       48.098318       -0.009758        0.000000      484.701254      503.209454     1832.333473       940.081393
00404000       48.228465       -0.011598        0.000000      487.201209      508.063010     1836.378216       943.880812
00406000       48.295544       -0.009931        0.000000      487.622972      513.576318     1842.600957       947.933416
00408000       48.373811       -0.010963        0.000000      488.320841      517.946345     1844.142615       950.136600
00410000       48.446726       -0.007786       -1.000000      489.343730      521.766769     1843.233592       951.448030
00412000       48.522088       -0.009385       -1.000000      491.565481      524.391024     1842.751060       952.902522
00414000       48.502152       -0.011322       -1.000000      492.037574      525.065186     1844.893274       953.998678
00416000       48.486312       -0.008532       -1.000000      493.869037      524.589797     1848.570500       955.676445
00418000       48.538590       -0.009290       -1.000000      496.677418      527.177031     1850.905928       958.253459
00420000       48.582990       -0.008796        0.000000      499.944300      529.866371     1858.948981       962.919884
00422000       48.694379       -0.010607        0.000000      504.046430      534.706842     1866.657604       968.470292
00424000       48.704058       -0.010829        0.000000      503.973743      536.251277     1872.539384       970.921468
00426000       48.764471       -0.011126        0.000000      508.618603      538.341853     1879.811629       975.590695
00428000       48.822580       -0.011239        0.000000      511.118588      540.147384     1887.108378       979.458117
00430000       48.862144       -0.007365       -3.000000      512.472959      541.970325     1892.775380       982.406221
00432000       48.887631       -0.009142       -3.000000      512.200708      544.013265     1893.388950       983.200975
00434000       48.875868       -0.009105       -3.000000      512.980693      543.902347     1894.868563       983.917201
00436000       48.976647       -0.009273       -3.000000      517.898609      546.289756     1899.480618       987.889661
00438000       49.025998       -0.010668       -3.000000      522.990358      544.918494     1901.101283       989.670045
00440000       49.037497       -0.006159        0.000000      524.723057      543.587307     1901.331404       989.880590
00442000       49.066322       -0.009885        0.000000      527.538922      543.743325     1899.655882       990.312710
00444000       49.110517       -0.009230        0.000000      528.535077      546.101988     1901.239882       991.958982
00446000       49.106281       -0.010584        0.000000      527.991566      549.618153     1903.943703       993.851141
00448000       49.137403       -0.010549        0.000000      529.433425      552.545485     1902.872497       994.950469
00450000       49.179492       -0.009203       -1.000000      530.771451      555.648902     1898.652181       995.024178
00452000       49.243460       -0.009150       -1.000000      533.695555      557.008970     1898.716151       996.473558
00454000       49.249694       -0.008631       -1.000000      535.558040      556.580235     1902.577568       998.238614
00456000       49.293015       -0.009871       -1.000000      539.645091      556.910781     1903.691490      1000.082454
00458000       49.359625       -0.010859       -1.000000      541.804483      559.195771     1901.292149      1000.764134
00460000       49.424647       -0.011893        0.000000      543.479088      562.641149     1908.102013      1004.740750
00462000       49.478246       -0.010451        0.000000      544.577448      565.367503     1915.267725      1008.404226
00464000       49.508779       -0.010812        0.000000      545.900225      566.297719     1921.035460      1011.077802
00466000       49.515044       -0.011201        0.000000      546.829056      566.531556     1923.800922      1012.387178
00468000       49.468499       -0.014949        0.000000      544.563741      567.278682     1925.286834      1012.376419
00470000       49.422966       -0.009724        2.000000      543.643437      566.299496     1930.097268      1013.346734
00472000       49.437211       -0.009154        2.000000      544.480309      568.046826     1930.480031      1014.335722
00474000       49.439320       -0.011796        2.000000      546.035559      567.016362     1934.471912      1015.841278
00476000       49.499782       -0.009697        2.000000      546.729246      572.245808     1939.159427      1019.378160
00478000       49.582420       -0.010074        2.000000      551.085671      576.089561     1944.802724      1023.992652
00480000       49.657159       -0.011672       -1.000000      553.960112      579.624662     1948.513779      1027.366184
00482000       49.688225       -0.010815       -1.000000      555.409385      581.574544     1952.576098      1029.853343
00484000       49.667979       -0.009244       -1.000000      554.204515      583.020574     1951.702567      1029.642552
00486000       49.673371       -0.010695       -1.000000      556.096619      585.128827     1949.817510      1030.347652
00488000       49.720928       -0.012603       -1.000000      557.992019      586.644753     1953.476745      1032.704506
00490000       49.762295       -0.013271        0.000000      560.285035      588.112784     1951.856665      1033.418161
00492000       49.729591       -0.010818        0.000000      559.270664      590.701213     1950.825819      1033.599232
00494000       49.777275       -0.012003        0.000000      559.572786      595.253142     1950.865068      1035.230332
00496000       49.888553       -0.011427        0.000000      562.937204      600.354705     1953.276183      1038.856031
00498000       49.961182       -0.009336        0.000000      565.473793      604.113656     1955.255092      1041.614180
00500000       49.909107       -0.011475        0.000000      563.879745      605.690598     1949.785432      1039.785258
00502000       49.853956       -0.012670        0.000000      563.398854      605.412404     1949.433981      1039.415080
00504000       49.829199       -0.011003        0.000000      564.014356      606.325036     1948.781042      1039.706811
00506000       49.820210       -0.011365        0.000000      563.532436      609.320763     1954.074353      1042.309184
00508000       49.846038       -0.011928        0.000000      565.204448      612.039720     1955.946982      1044.397050
00510000       49.888708       -0.012858       -1.000000      567.772022      613.972963     1955.777737      1045.840907
00512000       49.867444       -0.011440       -1.000000      567.094391      614.964944     1963.203141      1048.420825
00514000       49.890190       -0.011904       -1.000000      567.237169      616.985600     1966.962496      1050.395088
00516000       49.899385       -0.011948       -1.000000      569.060964      616.983792     1973.621758      1053.222171
00518000       49.929249       -0.011639       -1.000000      570.743355      618.285060     1976.051798      1055.026738
00520000       50.027512       -0.011373        0.000000      573.652530      620.799556     1977.394068      1057.282052
00522000       50.086327       -0.010678        0.000000      575.146454      624.449320     1982.433645      1060.676473
00524000       50.149033       -0.012152        0.000000      577.935670      626.851546     1988.636793      1064.474669
00526000       50.204879       -0.011817        0.000000      580.367996      627.904610     1991.523017      1066.598541
00528000       50.233544       -0.010187        0.000000      582.916120      627.922180     1992.759261      1067.865854
00530000       50.282676       -0.011952        0.000000      585.940930      627.748152     1992.436402      1068.708495
00532000       50.296646       -0.011221        0.000000      586.065563      628.211388     1991.516268      1068.597740
00534000       50.340881       -0.010533        0.000000      589.853711      629.569662     1994.383942      1071.269105
00536000       50.443311       -0.008889        0.000000      593.238324      631.972290     1994.183256      1073.131290
00538000       50.467308       -0.007852        0.000000      594.546990      633.857916     1994.329116      1074.244674
00540000       50.474689       -0.011052        0.000000      595.873208      635.762742     1990.794952      1074.143634
00542000       50.546970       -0.009835        0.000000      598.616512      636.975683     1991.494449      1075.695548
00544000       50.568191       -0.010504        0.000000      603.599731      636.324132     1994.626718      1078.183527
00546000       50.620917       -0.013846        0.000000      605.427462      640.005864     1997.027250      1080.820192
00548000       50.668015       -0.011482        0.000000      607.113420      642.751244     1997.291012      1082.385225
00550000       50.708633       -0.011534        0.000000      610.223481      643.651166     2002.469708      1085.448118
00552000       50.726082       -0.012076        0.000000      611.978014      644.365909     2004.785049      1087.042991
00554000       50.747496       -0.009713        0.000000      612.184300      646.516539     2008.036541      1088.912460
00556000       50.828454       -0.011172        0.000000      614.843777      649.595051     2011.653194      1092.030674
00558000       50.861861       -0.014183        0.000000      616.818240      650.572815     2018.398264      1095.263107
00560000       50.941308       -0.009424       -6.000000      621.082388      651.950719     2020.413637      1097.815582
00562000       50.978366       -0.014516       -6.000000      624.407315      651.174534     2021.693043      1099.091631
00564000       50.990423       -0.011911       -6.000000      625.501686      652.307801     2030.504097      1102.771194
00566000       51.086126       -0.011508       -6.000000      628.823479      654.544823     2032.751541      1105.373281
00568000       51.217951       -0.011489       -6.000000      633.525277      657.349585     2034.060581      1108.311814
00570000       51.263648       -0.014430       -1.000000      634.860849      660.715167     2036.852815      1110.809611
00572000       51.279342       -0.012890       -1.000000      635.116337      663.448445     2038.824612      1112.463131
00574000       51.322493       -0.010670       -1.000000      636.754849      663.679861     2037.413988      1112.616233
00576000       51.266409       -0.012534       -1.000000      635.855039      663.635380     2037.578200      1112.356206
00578000       51.297762       -0.009754       -1.000000      638.027803      666.333420     2035.791643      1113.384289
00580000       51.352982       -0.011638       -3.000000      638.837029      671.689917     2037.363249      1115.963398
00582000       51.357380       -0.012312       -3.000000      639.858030      674.149508     2035.136180      1116.381239
00584000       51.307984       -0.012477       -3.000000      640.749496      673.366563     2031.414047      1115.176702
00586000       51.288646       -0.013368       -3.000000      642.941021      672.678083     2031.827142      1115.815416
00588000       51.306922       -0.012790       -3.000000      642.958714      675.838249     2034.609984      1117.802316
00590000       51.415060       -0.013536        3.000000      645.809768      681.588701     2037.368629      1121.589033
00592000       51.446141       -0.011902        3.000000      647.295829      682.975403     2038.334227      1122.868486
00594000       51.472238       -0.010825        3.000000      651.017075      680.721054     2038.994315      1123.577481
00596000       51.532010       -0.011529        3.000000      654.042556      682.635635     2043.435743      1126.704644
00598000       51.601859       -0.010775        3.000000      657.003610      683.527000     2047.726004      1129.418871
00600000       51.621584       -0.010886        0.000000      660.131957      684.597957     2051.486979      1132.072298
00602000       51.619681       -0.012612        0.000000      659.730055      686.337926     2054.359762      1133.475914
00604000       51.536809       -0.010761        0.000000      658.718217      685.097373     2053.944844      1132.586811
00606000       51.547195       -0.013542        0.000000      661.877627      684.098152     2056.808842      1134.261540
00608000       51.553127       -0.011905        0.000000      664.547874      685.120958     2061.073506      1136.914113
00610000       51.557624       -0.014824        0.000000      663.998842      686.444610     2062.554859      1137.666104
00612000       51.572683       -0.011169        0.000000      665.054584      688.109127     2064.450060      1139.204591
00614000       51.565391       -0.012667        0.000000      666.464828      689.101747     2065.756583      1140.441052
00616000       51.681574       -0.012801        0.000000      669.506017      692.723710     2068.379262      1143.536330
00618000       51.710155       -0.011950        0.000000      670.841365      693.677000     2067.221338      1143.913234
00620000       51.699790       -0.013002        0.000000      672.410658      695.052807     2069.505222      1145.656229
00622000       51.794638       -0.013187        0.000000      674.893374      699.836113     2069.755451      1148.161646
00624000       51.927438       -0.014087        0.000000      678.675402      704.396693     2070.535022      1151.202372
00626000       51.971375       -0.012380        0.000000      679.581934      708.231997     2071.941610      1153.251847
00628000       51.966282       -0.012849        0.000000      680.750800      709.691028     2072.096109      1154.179312
00630000       52.027470       -0.013581        0.000000      683.606086      710.952852     2076.022124      1156.860354
00632000       52.074784       -0.014658        0.000000      687.924438      713.142653     2075.992380      1159.019824
00634000       52.180386       -0.012220        0.000000      692.410025      715.658926     2075.451392      1161.173448
00636000       52.223204       -0.011365        0.000000      693.297470      719.663571     2080.825580      1164.595540
00638000       52.314819       -0.013050        0.000000      695.172635      724.190827     2085.838314      1168.400592
00640000       52.424616       -0.012189        0.000000      701.876329      727.129733     2090.986247      1173.330770
00642000       52.530065       -0.013494        0.000000      707.096753      729.936651     2096.418983      1177.817462
00644000       52.576274       -0.013324        0.000000      707.140842      733.840698     2102.411575      1181.131038
00646000       52.616499       -0.013954        0.000000      709.463468      735.194220     2101.883157      1182.180282
00648000       52.669309       -0.013232        0.000000      711.178170      737.891088     2107.485337      1185.518198
00650000       52.749277       -0.012654        2.000000      714.114491      738.939934     2109.551186      1187.535204
00652000       52.843589       -0.012683        2.000000      715.188654      743.641622     2113.718836      1190.849704
00654000       52.898408       -0.013271        2.000000      716.114634      747.177142     2117.861745      1193.717840
00656000       52.893356       -0.012663        2.000000      715.613864      751.222436     2120.599166      1195.811822
00658000       52.875583       -0.014084        2.000000      713.325044      754.380089     2122.599414      1196.768182
00660000       52.914288       -0.013372       -5.000000      715.621571      756.413423     2123.158979      1198.397991
00662000       52.953931       -0.011028       -5.000000      719.470834      756.719231     2126.644169      1200.944745
00664000       53.018897       -0.012546       -5.000000      721.512629      759.171750     2127.177399      1202.620593
00666000       53.087940       -0.011419       -5.000000      725.251757      761.875495     2124.200913      1203.776055
00668000       53.099684       -0.012444       -5.000000      729.065926      761.130067     2124.276688      1204.824227
00670000       53.138987       -0.014289        0.000000      731.867676      761.597117     2124.651590      1206.038794
00672000       53.121723       -0.014302        0.000000      734.229942      759.569878     2123.793312      1205.864378
00674000       53.116134       -0.012947        0.000000      735.872132      761.009243     2120.348488      1205.743288
00676000       53.138857       -0.014437        0.000000      736.880935      761.545874     2119.858216      1206.095008
00678000       53.137508       -0.012606        0.000000      737.524113      764.504598     2119.631584      1207.220098
00680000       53.144285       -0.012557       -6.000000      739.280825      764.799961     2124.327145      1209.469310
00682000       53.206603       -0.012278       -6.000000      741.916661      766.674808     2126.575439      1211.722303
00684000       53.283848       -0.011898       -6.000000      744.703904      769.419707     2130.069767      1214.731126
00686000       53.337417       -0.012499       -6.000000      747.688344      772.054318     2132.935128      1217.559264
00688000       53.331189       -0.014233       -6.000000      749.606842      772.971568     2134.650864      1219.076425
00690000       53.374904       -0.014759        0.000000      754.035938      773.010270     2138.385256      1221.810488
00692000       53.454142       -0.013638        0.000000      758.194663      774.616154     2139.015021      1223.941946
00694000       53.513050       -0.012070        0.000000      761.609954      775.928343     2146.828609      1228.122302
00696000       53.567765       -0.013145        0.000000      765.243890      776.899373     2150.676682      1230.939982
00698000       53.630318       -0.015048        0.000000      768.101913      777.874638     2154.251670      1233.409407
00700000       53.762553       -0.015046        0.000000      770.278878      784.244569     2160.671165      1238.398204
00702000       53.797756       -0.013829        0.000000      771.471881      786.974158     2162.816543      1240.420860
00704000       53.816423       -0.014611        0.000000      771.320729      789.680202     2163.144689      1241.381873
00706000       53.897435       -0.016932        0.000000      774.166731      793.367846     2166.353778      1244.629452
00708000       53.915600       -0.015557        0.000000      776.533048      794.506146     2166.475957      1245.838384
00710000       53.945296       -0.012597        0.000000      776.350600      796.761000     2166.943021      1246.684874
00712000       54.055933       -0.015377        0.000000      779.642815      800.529084     2162.114358      1247.428752
00714000       54.075778       -0.011104        0.000000      778.849285      802.929156     2163.239889      1248.339443
00716000       54.158277       -0.015125        0.000000      782.235768      805.567229     2163.924628      1250.575875
00718000       54.244949       -0.014852        0.000000      784.210645      811.102609     2161.656798      1252.323351
00720000       54.323386       -0.012912       -2.000000      786.299322      815.691213     2163.211852      1255.067462
00722000       54.354224       -0.015388       -2.000000      786.139814      819.537017     2165.121098      1256.932643
00724000       54.320837       -0.014450       -2.000000      787.420441      819.181072     2167.413093      1258.004869
00726000       54.343021       -0.013182       -2.000000      791.007046      819.237943     2165.767942      1258.670977
00728000       54.346509       -0.012761       -2.000000      794.881911      818.235791     2172.639571      1261.919091
00730000       54.357549       -0.013906        0.000000      795.639786      820.718087     2175.566202      1263.974692
00732000       54.457007       -0.016466        0.000000      800.455692      824.585404     2178.645606      1267.895567
00734000       54.465463       -0.015020        0.000000      801.664510      826.341373     2183.557754      1270.521212
00736000       54.507309       -0.014594        0.000000      803.248020      831.392133     2184.227977      1272.956043
00738000       54.555393       -0.013251        0.000000      803.628337      834.468660     2187.858579      1275.318525
00740000       54.619536       -0.014775       -4.000000      806.488690      836.440495     2184.319599      1275.749594
00742000       54.622694       -0.014055       -4.000000      808.542041      835.932598     2189.137455      1277.870698
00744000       54.708881       -0.014878       -4.000000      813.841432      837.722959     2192.706952      1281.423781
00746000       54.729784       -0.012272       -4.000000      815.018174      839.036250     2195.407173      1283.153866
00748000       54.759078       -0.013824       -4.000000      817.934007      840.941233     2196.153328      1285.009523
00750000       54.761175       -0.013214        4.000000      820.895877      842.109100     2196.116398      1286.373792
00752000       54.762428       -0.015996        4.000000      822.048672      843.528956     2195.677605      1287.085077
00754000       54.763224       -0.012583        4.000000      822.878849      844.106882     2198.353587      1288.446440
00756000       54.845076       -0.011236        4.000000      823.953989      849.085467     2195.653012      1289.564156
00758000       54.937008       -0.015094        4.000000      825.350895      854.761230     2196.811973      1292.308033
00760000       55.061378       -0.013563       -3.000000      831.232817      858.426849     2194.042942      1294.567536
00762000       55.092738       -0.012667       -3.000000      835.293600      860.670184     2192.937814      1296.300533
00764000       55.100452       -0.014457       -3.000000      836.487086      862.127015     2192.266383      1296.960161
00766000       55.105628       -0.015086       -3.000000      836.631215      864.531961     2192.348353      1297.837176
00768000       55.089471       -0.013283       -3.000000      835.589330      868.227027     2197.154500      1300.323619
00770000       55.102598       -0.014978       -1.000000      836.789579      871.866380     2198.754335      1302.470098
00772000       55.161122       -0.013911       -1.000000      839.316227      877.001992     2197.722182      1304.680134
00774000       55.205445       -0.012914       -1.000000      841.481893      881.352643     2203.600602      1308.811713
00776000       55.200667       -0.015275       -1.000000      841.991751      883.649221     2206.959354      1310.866775
00778000       55.216457       -0.014224       -1.000000      840.551632      889.665107     2212.593561      1314.270100
00780000       55.225029       -0.012814        1.000000      841.603392      893.430886     2212.734437      1315.922905
00782000       55.270568       -0.012114        1.000000      842.792078      898.312322     2215.993397      1319.032599
00784000       55.349428       -0.014066        1.000000      844.483391      903.390404     2218.768918      1322.214238
00786000       55.439805       -0.016905        1.000000      847.042239      907.246963     2222.794595      1325.694599
00788000       55.506947       -0.011943        1.000000      850.236236      910.423315     2227.635315      1329.431622
00790000       55.626835       -0.013363        1.000000      854.601226      916.101171     2228.759024      1333.153807
00792000       55.611154       -0.011483        1.000000      854.870187      917.690415     2231.680153      1334.746919
00794000       55.574841       -0.015354        1.000000      855.162923      918.890117     2230.243477      1334.765506
00796000       55.561020       -0.013357        1.000000      856.567798      919.879483     2232.162221      1336.203167
00798000       55.603765       -0.014212        1.000000      860.963719      919.214233     2229.365965      1336.514639
00800000       55.616224       -0.015113        2.000000      864.080630      921.634718     2229.114879      1338.276743
00802000       55.676678       -0.015504        2.000000      867.823597      923.974764     2230.085855      1340.628072
00804000       55.764894       -0.017103        2.000000      871.286473      927.172414     2228.282501      1342.247129
00806000       55.827026       -0.015589        2.000000      873.101080      932.393200     2229.404113      1344.966131
00808000       55.851311       -0.011992        2.000000      873.132506      936.874371     2228.360271      1346.122383
00810000       55.887485       -0.013122       -5.000000      873.577899      943.237050     2227.586072      1348.133674
00812000       56.008656       -0.014162       -5.000000      881.982438      946.893033     2232.586187      1353.820553
00814000       56.033743       -0.014095       -5.000000      884.139522      950.426406     2234.703897      1356.423275
00816000       56.080365       -0.017009       -5.000000      886.591130      954.086010     2239.673589      1360.116910
00818000       56.075581       -0.012435       -5.000000      887.509071      956.473665     2243.223946      1362.402227
00820000       56.097316       -0.013888        4.000000      888.449586      961.065562     2242.661908      1364.059019
00822000       56.132516       -0.013966        4.000000      888.948252      964.519655     2242.803336      1365.423748
00824000       56.113519       -0.012111        4.000000      890.995045      964.391744     2243.385719      1366.257502
00826000       56.082245       -0.013956        4.000000      890.458415      966.728528     2244.960102      1367.382348
00828000       56.018438       -0.014942        4.000000      887.837673      967.803301     2242.419978      1366.020317
00830000       56.050623       -0.012617        3.000000      890.234859      971.267802     2243.958498      1368.487053
00832000       56.081255       -0.016618        3.000000      891.780037      973.119880     2245.135227      1370.011715
00834000       56.140215       -0.016545        3.000000      895.127843      977.299084     2249.437592      1373.954840
00836000       56.200749       -0.014683        3.000000      901.135377      979.312663     2251.844339      1377.430793
00838000       56.252174       -0.012787        3.000000      904.907429      982.548860     2254.758039      1380.738109
00840000       56.320346       -0.013995       -3.000000      906.624213      988.422921     2254.328759      1383.125298
00842000       56.418405       -0.015039       -3.000000      911.125826      994.479059     2257.210621      1387.605169
00844000       56.491523       -0.014501       -3.000000      916.182524      997.956294     2259.662296      1391.267038
00846000       56.543713       -0.013603       -3.000000      919.004544     1003.006915     2260.726128      1394.245862
00848000       56.555797       -0.014539       -3.000000      919.285813     1007.198856     2257.162317      1394.548995
00850000       56.556746       -0.015453        0.000000      921.976411     1010.148679     2257.932116      1396.685735
00852000       56.644183       -0.016274        0.000000      925.825191     1017.905304     2255.259542      1399.663346
00854000       56.656079       -0.016189        0.000000      924.831644     1023.644166     2261.052307      1403.176039
00856000       56.760671       -0.015909        0.000000      927.804330     1029.147674     2261.035122      1405.995709
00858000       56.842222       -0.015945        0.000000      931.479243     1034.672640     2264.341824      1410.164569
00860000       56.902508       -0.013973       -1.000000      935.937863     1037.398393     2268.118977      1413.818411
00862000       56.943767       -0.014871       -1.000000      941.538957     1038.706587     2268.593444      1416.279663
00864000       56.963143       -0.015341       -1.000000      942.768413     1043.467689     2274.998553      1420.411552
00866000       56.993941       -0.015163       -1.000000      943.709352     1048.218829     2275.600641      1422.509608
00868000       56.989309       -0.016309       -1.000000      945.063542     1049.065091     2276.798008      1423.642214
00870000       56.994256       -0.015446       -1.000000      947.004779     1052.612043     2274.374767      1424.663863
00872000       56.965197       -0.015809       -1.000000      946.186209     1054.503179     2278.794999      1426.494796
00874000       56.998636       -0.016983       -1.000000      946.166551     1059.232841     2280.082045      1428.493813
00876000       56.991815       -0.016192       -1.000000      948.952916     1060.404297     2280.165456      1429.840890
00878000       57.028312       -0.016586       -1.000000      951.954521     1063.109882     2282.625228      1432.563210
00880000       56.999058       -0.014738        0.000000      953.416533     1065.174391     2283.936666      1434.175863
00882000       56.966293       -0.013234        0.000000      951.249738     1070.682563     2285.385797      1435.772700
00884000       56.976159       -0.015030        0.000000      951.511408     1075.789979     2284.976211      1437.425866
00886000       57.024684       -0.018141        0.000000      951.696529     1083.225744     2285.830044      1440.250772
00888000       57.100801       -0.014192        0.000000      955.737051     1089.980096     2285.192248      1443.636465
00890000       57.154002       -0.013726        1.000000      958.373011     1095.857199     2283.243030      1445.824413
00892000       57.193906       -0.014556        1.000000      961.124434     1101.255058     2279.493768      1447.291087
00894000       57.168872       -0.014486        1.000000      960.678980     1104.823419     2280.749085      1448.750495
00896000       57.168189       -0.013957        1.000000      964.329346     1105.588853     2279.972473      1449.963557
00898000       57.182098       -0.016148        1.000000      967.790661     1106.120395     2281.411932      1451.774329
00900000       57.184055       -0.013534       -5.000000      967.184157     1112.053186     2280.868653      1453.368665
00902000       57.225778       -0.014577       -5.000000      967.118154     1117.780228     2281.562967      1455.487116
00904000       57.262632       -0.014163       -5.000000      969.206085     1123.756177     2284.246552      1459.069605
00906000       57.180669       -0.016375       -5.000000      967.925329     1124.130312     2288.662496      1460.239379
00908000       57.210722       -0.013543       -5.000000      968.097245     1129.628589     2289.195682      1462.307172
00910000       57.283605       -0.013339        2.000000      973.186073     1134.317422     2286.575125      1464.692873
00912000       57.216132       -0.014713        2.000000      971.421759     1135.850337     2290.435365      1465.902487
00914000       57.311282       -0.015398        2.000000      975.474525     1140.276553     2292.032112      1469.261063
00916000       57.382425       -0.016721        2.000000      980.132647     1145.076690     2290.741630      1471.983656
00918000       57.395596       -0.014888        2.000000      982.682405     1146.491708     2292.069074      1473.747729
00920000       57.457781       -0.016624        0.000000      987.512173     1149.030041     2295.266296      1477.269504
00922000       57.470720       -0.016986        0.000000      990.967063     1151.980608     2298.051298      1480.332990
00924000       57.524775       -0.014334        0.000000      996.052307     1155.644827     2300.181643      1483.959593
00926000       57.488137       -0.014983        0.000000      996.175436     1156.311042     2299.737639      1484.074706
00928000       57.501616       -0.012387        0.000000      999.998038     1158.275942     2300.850184      1486.374721
00930000       57.565356       -0.013899        1.000000     1002.578475     1163.828755     2301.840168      1489.415799
00932000       57.544467       -0.013864        1.000000     1003.085450     1167.212979     2300.080706      1490.126379
00934000       57.595557       -0.016054        1.000000     1004.487534     1171.924081     2297.761305      1491.390974
00936000       57.642173       -0.014762        1.000000     1006.607328     1177.986864     2296.865485      1493.819892
00938000       57.685885       -0.015939        1.000000     1007.474343     1184.372113     2293.167049      1495.004502
00940000       57.708579       -0.016004        0.000000     1006.630940     1191.643112     2292.092254      1496.788769
00942000       57.729333       -0.015091        0.000000     1009.233740     1196.054500     2296.816495      1500.701578
00944000       57.763459       -0.018190        0.000000     1010.141993     1201.814532     2298.208888      1503.388471
00946000       57.836509       -0.018056        0.000000     1011.263362     1209.798254     2303.600739      1508.220785
00948000       57.857959       -0.015623        0.000000     1009.957178     1216.932701     2302.668362      1509.852747
00950000       57.851010       -0.014932        3.000000     1009.227185     1221.957970     2303.844009      1511.676388
00952000       57.850784       -0.015472        3.000000     1011.280347     1226.011086     2306.846264      1514.712566
00954000       57.865139       -0.014900        3.000000     1009.580072     1233.748085     2309.604884      1517.644347
00956000       57.860377       -0.012759        3.000000     1009.668985     1236.970229     2308.988268      1518.542494
00958000       57.819137       -0.016223        3.000000     1006.949783     1243.029855     2304.560795      1518.180144
00960000       57.793916       -0.014478        0.000000     1006.409137     1247.119753     2305.509116      1519.679335
00962000       57.831674       -0.014670        0.000000     1008.220874     1252.343065     2308.124906      1522.896282
00964000       57.811187       -0.014878        0.000000     1008.308574     1254.437568     2310.383740      1524.376628
00966000       57.779227       -0.017789        0.000000     1008.764226     1252.859904     2310.517344      1524.047158
00968000       57.783684       -0.017379        0.000000     1013.153787     1252.968551     2310.304525      1525.475621
00970000       57.804702       -0.015993        0.000000     1014.442883     1254.157185     2309.089055      1525.896374
00972000       57.827958       -0.014751        0.000000     1015.310963     1254.324496     2310.409748      1526.681736
00974000       57.841298       -0.016634        0.000000     1014.885233     1256.869953     2313.989637      1528.581608
00976000       57.928472       -0.015130        0.000000     1019.718981     1259.248593     2309.884589      1529.617388
00978000       58.000004       -0.016278        0.000000     1024.288893     1260.477655     2311.149025      1531.971858
00980000       58.040768       -0.016912        0.000000     1026.259009     1264.646365     2312.871530      1534.592301
00982000       58.089272       -0.018064        0.000000     1026.615383     1266.797760     2316.815455      1536.742866
00984000       58.159580       -0.017053        0.000000     1029.367011     1272.164825     2314.226169      1538.586002
00986000       58.168439       -0.015035        0.000000     1030.202573     1271.168497     2313.212980      1538.194683
00988000       58.154712       -0.016328        0.000000     1031.548107     1271.328621     2313.792076      1538.889601
00990000       58.107919       -0.015704        2.000000     1028.626229     1271.085017     2313.371363      1537.694203
00992000       58.045423       -0.016381        2.000000     1027.831126     1267.096381     2314.142064      1536.356523
00994000       58.140323       -0.016980        2.000000     1035.309125     1268.126804     2318.097274      1540.511068
00996000       58.125407       -0.016919        2.000000     1036.234087     1266.954576     2322.051465      1541.746710
00998000       58.205672       -0.015551        2.000000     1039.243353     1270.849535     2322.244031      1544.112306
01000000       58.289317       -0.015773        2.000000     1042.321702     1273.927132     2324.537652      1546.928829
01000000       58.289317       -0.015773        2.000000     1042.321702     1273.927132     2324.537652      1546.928829
